#doc name topic proportion ...
0	Tropical_Storm_Irene_passes_over_New_York$AAA$.html.txt	0	0.9998857668047603	1	1.142331952397304E-4	
1	254.html.txt	1	0.9159095419450395	0	0.08409045805496046	
2	215.html.txt	1	0.9998974892834622	0	1.0251071653780456E-4	
3	Israel_continues_settlement_expansion$AAA$.html.txt	1	0.5841991460325788	0	0.4158008539674212	
4	Australia_appeals_for_no_execution_in_Indonesian_drug_case$AAA$.html.txt	1	0.641204273215484	0	0.35879572678451593	
5	Two_dead_after_two_light_aircraft_crash_in_Isle_of_Wight__England$AAA$.html.txt	0	0.8780730110911228	1	0.12192698890887715	
6	Typhoon_kills_two_in_southern_China$AAA$.html.txt	0	0.9998376833192256	1	1.6231668077440448E-4	
7	Arrest_warrant_issued_for_Richard_Gere_for_kissing_actress_Shilpa_Shetty$AAA$.html.txt	1	0.7332647988337786	0	0.2667352011662214	
8	151.html.txt	1	0.6896329316840759	0	0.31036706831592403	
9	143.html.txt	1	0.999957996797649	0	4.2003202351142757E-5	
10	77.html.txt	0	0.8171715400110647	1	0.18282845998893532	
11	Volcanic_eruption_starts_on_top_of_Eyjafjallaj_kull__Iceland$AAA$.html.txt	0	0.9730167958153254	1	0.02698320418467459	
12	292.html.txt	1	0.9999198827566119	0	8.011724338803244E-5	
13	191.html.txt	0	0.9999668304601762	1	3.3169539823801186E-5	
14	289.html.txt	1	0.9998728933795872	0	1.271066204128348E-4	
15	5.html.txt	1	0.9989983983709609	0	0.0010016016290391187	
16	212.html.txt	1	0.9990483768315058	0	9.516231684942628E-4	
17	49.html.txt	1	0.9999407802678819	0	5.921973211821E-5	
18	64.html.txt	1	0.9999218525244725	0	7.814747552744938E-5	
19	304.html.txt	0	0.7342064688887749	1	0.26579353111122517	
20	8.html.txt	0	0.7897673712605832	1	0.2102326287394168	
21	226.html.txt	1	0.9998149161614829	0	1.8508383851706888E-4	
22	188.html.txt	1	0.9999121309276894	0	8.786907231058627E-5	
23	Wikinews_interviews_17-year-old_author_of__LEGO_Heavy_Weapons_$AAA$.html.txt	0	0.999856074223831	1	1.439257761689248E-4	
24	96.html.txt	0	0.9982065178531799	1	0.0017934821468200488	
25	After_Mars__NASA_announces_water_ice_on_Pluto$AAA$.html.txt	0	0.9998904047588487	1	1.0959524115126543E-4	
26	113.html.txt	1	0.9999434158429673	0	5.6584157032780685E-5	
27	82.html.txt	1	0.999820152374505	0	1.7984762549504802E-4	
28	Georgia_withdraws_from_South_Ossetia$AAA$.html.txt	0	0.7052675885698183	1	0.2947324114301817	
29	222.html.txt	1	0.9992383923792166	0	7.616076207834295E-4	
30	66.html.txt	1	0.9999491490824873	0	5.0850917512759036E-5	
31	US_novelist_Tom_Clancy_dies_at_age_66$AAA$.html.txt	0	0.9998521321498807	1	1.478678501193667E-4	
32	144.html.txt	1	0.9998666731460794	0	1.3332685392061533E-4	
33	227.html.txt	1	0.9998815754898908	0	1.1842451010926645E-4	
34	185.html.txt	0	0.9989736674962794	1	0.001026332503720685	
35	Type_O_Negative_announce_US_tour_details__Lordi_supporting$AAA$.html.txt	0	0.9570010990636133	1	0.04299890093638669	
36	244.html.txt	1	0.5006183171268703	0	0.4993816828731297	
37	Toxic_air_from_Ukraine_train_derailment_continues_to_make_people_sick$AAA$.html.txt	0	0.8332510348573479	1	0.16674896514265217	
38	Tamil_Nadu_film__Sivaji__The_Boss__may_have_a_delayed_release_in_Kerala$AAA$.html.txt	0	0.9998531377754281	1	1.4686222457194995E-4	
39	209.html.txt	1	0.999885141619594	0	1.1485838040601785E-4	
40	246.html.txt	1	0.9998093659033888	0	1.9063409661121484E-4	
41	194.html.txt	1	0.5563307819561575	0	0.44366921804384246	
42	136.html.txt	1	0.9998628375242323	0	1.371624757676648E-4	
43	257.html.txt	1	0.9999056073098874	0	9.439269011252629E-5	
44	Two_arrests_made_in_Zotob_worm_attack$AAA$.html.txt	0	0.6965416482137042	1	0.30345835178629577	
45	Istanbul_court_acquits_bomb_accused_Pinar_Selek_for_fourth_time$AAA$.html.txt	1	0.5536881828905845	0	0.4463118171094155	
46	141.html.txt	1	0.9998980373499271	0	1.0196265007292744E-4	
47	109.html.txt	0	0.535808831013368	1	0.4641911689866321	
48	158.html.txt	0	0.999944349339663	1	5.565066033690007E-5	
49	Live_8_concerts_around_the_world_to__End_Poverty_Now_$AAA$.html.txt	1	0.5575189460767944	0	0.4424810539232055	
50	183.html.txt	1	0.9906544416997376	0	0.009345558300262522	
51	18.html.txt	0	0.9982065178531799	1	0.0017934821468200488	
52	130.html.txt	1	0.9998808355247734	0	1.1916447522661438E-4	
53	181.html.txt	1	0.5674074190818218	0	0.43259258091817826	
54	Early_puberty_for_US_girls_raises_health_risk$AAA$.html.txt	0	0.5576749654713363	1	0.4423250345286637	
55	245.html.txt	0	0.5753796541320284	1	0.4246203458679716	
56	139.html.txt	1	0.9999087681725263	0	9.123182747366056E-5	
57	324.html.txt	1	0.9998884992532834	0	1.1150074671656075E-4	
58	309.html.txt	1	0.9993856071890465	0	6.143928109536055E-4	
59	Class_action_launched_by_Australian_bushfire_survivors_against_SP_AusNet$AAA$.html.txt	1	0.8788005140906474	0	0.12119948590935269	
60	Former_US_First_Lady__Lady_Bird_Johnson_dies_at_94$AAA$.html.txt	1	0.552738890739224	0	0.447261109260776	
61	Kuwait_stateless_protest_for_rights$AAA$.html.txt	1	0.5185216578958265	0	0.4814783421041735	
62	208.html.txt	1	0.620230205768311	0	0.379769794231689	
63	Wikinews_Shorts__October_31__2007$AAA$.html.txt	0	0.9998570271180423	1	1.429728819577587E-4	
64	Female_suicide_bomber_kills_40_Shi_ite_pilgrims_at_Baghdad_shrine$AAA$.html.txt	0	0.5109364487664853	1	0.4890635512335148	
65	107.html.txt	0	0.9998055242273407	1	1.9447577265931372E-4	
66	275.html.txt	1	0.999134728412136	0	8.652715878640749E-4	
67	Annan_invites_Iraqis_to_exercise_democratic_rights$AAA$.html.txt	1	0.5584343213992802	0	0.44156567860071977	
68	184.html.txt	1	0.9999413268431723	0	5.867315682778301E-5	
69	Death_toll_rises_in_Nigeria_building_collapse$AAA$.html.txt	1	0.5256424295299369	0	0.4743575704700631	
70	Eight_dead_and_two_missing_after_cargo_ship_fire_in_Kaliningrad__Russia$AAA$.html.txt	0	0.999880718957872	1	1.192810421279938E-4	
71	Hamshahri_newspaper_plans_cartoon_response$AAA$.html.txt	1	0.8811176400691486	0	0.11888235993085138	
72	Writer_and_TV_presenter_Peaches_Geldof_dies_aged_25$AAA$.html.txt	0	0.6062151180622276	1	0.3937848819377724	
73	Kenya_s_parliament_meets_for_first_time_since_disputed_election$AAA$.html.txt	1	0.6849100761899409	0	0.31508992381005907	
74	229.html.txt	0	0.9976113795623586	1	0.0023886204376415156	
75	Ch_vez_warns_oil_prices_could_double_if_US_invades_Iran$AAA$.html.txt	0	0.6330455237975732	1	0.3669544762024269	
76	Italian_police_under_trial_for_events_at_2001_G8_Genoa_meeting$AAA$.html.txt	0	0.6038604846960863	1	0.39613951530391367	
77	153.html.txt	1	0.6493194128126855	0	0.3506805871873145	
78	287.html.txt	1	0.9999737326531958	0	2.6267346804203835E-5	
79	274.html.txt	1	0.9999507256894539	0	4.9274310546243746E-5	
80	219.html.txt	0	0.9999298965309268	1	7.010346907309516E-5	
81	French_woman_admits_to_killing_her_eight_infants$AAA$.html.txt	0	0.8590432212136258	1	0.1409567787863743	
82	Multiple_computer_worms_released_as__botwar__rages$AAA$.html.txt	0	0.8162544768078268	1	0.18374552319217322	
83	140.html.txt	1	0.9999895674301341	0	1.04325698659796E-5	
84	White_House_discussing_troop_withdrawals_of_up_to_50__in_Iraq$AAA$.html.txt	1	0.5714212382637055	0	0.4285787617362945	
85	170.html.txt	1	0.999918163802474	0	8.183619752603801E-5	
86	263.html.txt	1	0.99995303139915	0	4.696860085003215E-5	
87	250.html.txt	1	0.784998467592629	0	0.21500153240737094	
88	306.html.txt	0	0.5854951413557161	1	0.41450485864428394	
89	124.html.txt	0	0.9992811504452258	1	7.188495547741753E-4	
90	69.html.txt	1	0.9998996469420046	0	1.0035305799535648E-4	
91	12.html.txt	1	0.6771258822816226	0	0.3228741177183774	
92	Burma_introduces_military_draft$AAA$.html.txt	1	0.6008113670600091	0	0.39918863293999085	
93	TEPCA_protests_the_Taiwanese_government_on_WiMAX_in_Taiwan$AAA$.html.txt	0	0.5833035295506044	1	0.4166964704493956	
94	21.html.txt	1	0.9999266608478331	0	7.33391521669403E-5	
95	114.html.txt	1	0.999820152374505	0	1.7984762549504802E-4	
96	47.html.txt	0	0.765081702634492	1	0.23491829736550796	
97	52.html.txt	1	0.9999633979395208	0	3.660206047910334E-5	
98	35.html.txt	0	0.9999391767722149	1	6.08232277850805E-5	
99	248.html.txt	1	0.9999234214946495	0	7.65785053504119E-5	
100	France_draw_with_Switzerland_in_Group_G$AAA$.html.txt	0	0.9998976750798066	1	1.023249201934032E-4	
101	1.html.txt	0	0.8173297118650126	1	0.18267028813498742	
102	Tameside_Council_seek_to_ban_English_Defence_League_rally$AAA$.html.txt	0	0.5636130384307156	1	0.43638696156928436	
103	70.html.txt	1	0.9999376842227495	0	6.231577725052254E-5	
104	Conservatives_win_majority_in_2015_UK_general_election$AAA$.html.txt	1	0.8329937766475971	0	0.167006223352403	
105	Niece_of_Scientology_s_leader_goes_public_with_criticism$AAA$.html.txt	0	0.6166894923775037	1	0.38331050762249624	
106	Greek_court_rules_worship_of_ancient_Greek_deities_is_legal$AAA$.html.txt	0	0.6325851686592864	1	0.36741483134071373	
107	313.html.txt	1	0.9968428709119921	0	0.0031571290880078916	
108	11.html.txt	1	0.6926304050159974	0	0.30736959498400257	
109	Deadly_flash_flooding_hits_northwestern_Turkey$AAA$.html.txt	0	0.7006161903888334	1	0.2993838096111666	
110	Dominique_Strauss-Kahn_refused_bail_after_appearance_in_New_York_court$AAA$.html.txt	1	0.6488134118733367	0	0.35118658812666326	
111	202.html.txt	1	0.9999610824911228	0	3.891750887727188E-5	
112	300.html.txt	1	0.9999579040836709	0	4.209591632919026E-5	
113	African_Union_peacekeepers_come_under_attack_in_Mogadishu$AAA$.html.txt	1	0.8061148321647157	0	0.19388516783528434	
114	60.html.txt	1	0.5336130036817148	0	0.4663869963182851	
115	20.html.txt	1	0.5317918177352011	0	0.4682081822647989	
116	43.html.txt	1	0.9999321409166718	0	6.785908332823189E-5	
117	221.html.txt	1	0.9999594265701908	0	4.05734298093175E-5	
118	83.html.txt	1	0.9999499497988737	0	5.005020112630481E-5	
119	33.html.txt	1	0.999973140746888	0	2.6859253111915997E-5	
120	UK_government_s_Information_Commissioner_takes_enforcement_action_against_Liberal_Democrat_party_for_cold_calling_voters$AAA$.html.txt	1	0.558504694860055	0	0.44149530513994495	
121	Lightning_strikes_kill_three_in_Mumbai$AAA$.html.txt	0	0.9998490309090718	1	1.5096909092823113E-4	
122	116.html.txt	0	0.998044074557992	1	0.00195592544200793	
123	Three_injured_in_Gaza_after_Israeli_airstrikes$AAA$.html.txt	0	0.6128654738540482	1	0.3871345261459519	
124	98.html.txt	1	0.999946585462702	0	5.341453729811444E-5	
125	253.html.txt	1	0.9999372743053652	0	6.272569463489545E-5	
126	One_dead_after_car_and_truck_crash_in_North_Lincolnshire__England$AAA$.html.txt	0	0.9536945256432919	1	0.0463054743567081	
127	142.html.txt	1	0.9998858292268888	0	1.141707731111112E-4	
128	Pakistani_general_election_likely_to_be_postponed$AAA$.html.txt	1	0.5706434184880254	0	0.42935658151197464	
129	Maria_Lourdes_Sereno_becomes_the_first_female_Philippine_Chief_Justice$AAA$.html.txt	0	0.5624735949829169	1	0.4375264050170832	
130	26.html.txt	0	0.8132108470669267	1	0.18678915293307322	
131	39.html.txt	1	0.9999006920650002	0	9.930793499981962E-5	
132	Britney_Spears_fired_by_management_company$AAA$.html.txt	0	0.936035506760234	1	0.06396449323976605	
133	9.html.txt	0	0.9438698024461409	1	0.056130197553859035	
134	178.html.txt	1	0.999931898597996	0	6.81014020040381E-5	
135	Herman_Van_Rompuy_named_as_first_permanent_EU_President$AAA$.html.txt	1	0.5810719140443004	0	0.4189280859556997	
136	177.html.txt	1	0.999928314861559	0	7.168513844109118E-5	
137	_I_wanna_tell_you_a_story___English_entertainer_Max_Bygraves_dies_at_age_89$AAA$.html.txt	0	0.60462550480456	1	0.39537449519544	
138	54.html.txt	1	0.9999739479473565	0	2.605205264341361E-5	
139	174.html.txt	1	0.9999658247810048	0	3.417521899509043E-5	
140	Church_of_Scientology_blames_Pearl_Harbor__9_11_on_psychiatry$AAA$.html.txt	0	0.6718535147049806	1	0.3281464852950194	
141	203.html.txt	0	0.5242609302389665	1	0.4757390697610336	
142	225.html.txt	0	0.73249874729875	1	0.26750125270125	
143	217.html.txt	1	0.7289989444745891	0	0.27100105552541104	
144	84.html.txt	1	0.9999674019891661	0	3.25980108338808E-5	
145	Time_for_North_Americans_to_spring_ahead_one_hour$AAA$.html.txt	0	0.9031308846701492	1	0.09686911532985075	
146	28.html.txt	1	0.9999212067860778	0	7.879321392221802E-5	
147	265.html.txt	1	0.9999488764531352	0	5.1123546864803704E-5	
148	285.html.txt	1	0.9999930066455541	0	6.993354445814671E-6	
149	303.html.txt	1	0.9999464354390041	0	5.356456099601396E-5	
150	104.html.txt	1	0.9999784028497196	0	2.1597150280304958E-5	
151	Armstrong_will_compete_in_2005_Tour_de_France$AAA$.html.txt	0	0.9998388942702434	1	1.6110572975661265E-4	
152	Australia_Votes_2007__Analysts_say_Rudd_wins_TV_debate$AAA$.html.txt	1	0.7994507404958564	0	0.2005492595041437	
153	123.html.txt	0	0.9946556533184238	1	0.005344346681576275	
154	Iran_demands_that_IAEA_end_surveillance_of_its_nuclear_program$AAA$.html.txt	1	0.6928336429594192	0	0.3071663570405808	
155	224.html.txt	1	0.564267207616625	0	0.4357327923833751	
156	261.html.txt	0	0.9999726663193094	1	2.7333680690695088E-5	
157	Austrian_cellist__conductor_Heinrich_Schiff_dies$AAA$.html.txt	0	0.999912938794866	1	8.706120513400098E-5	
158	Switzerland_lifts_ban_on_motor_racing$AAA$.html.txt	0	0.9997883714389028	1	2.1162856109731325E-4	
159	British_airport_closed_after_small_jet_transporting_transplant_organ_crashes$AAA$.html.txt	0	0.9999273004616057	1	7.26995383941635E-5	
160	160.html.txt	0	0.746295089959801	1	0.253704910040199	
161	Nottingham_Express_Transit_extensions_get_Government_approval$AAA$.html.txt	1	0.7157428640955321	0	0.28425713590446794	
162	2.html.txt	0	0.5058735257013921	1	0.4941264742986079	
163	132.html.txt	1	0.9999362255233467	0	6.37744766533886E-5	
164	157.html.txt	0	0.9996076588291929	1	3.923411708072286E-4	
165	61.html.txt	0	0.822810281717366	1	0.1771897182826339	
166	Bi-directional_Censorship_from_the_Great_Firewall_of_China$AAA$.html.txt	1	0.5022474008346597	0	0.49775259916534026	
167	193.html.txt	0	0.9995309642273734	1	4.6903577262666986E-4	
168	Former_NFL_quarterback_Steve_McNair_shot_dead$AAA$.html.txt	0	0.7831882863059639	1	0.2168117136940361	
169	UK_documentary_claims_fire_weakened_RMS_Titanic$AAA$.html.txt	0	0.8738803951495016	1	0.1261196048504985	
170	129.html.txt	1	0.9961246295678936	0	0.003875370432106333	
171	138.html.txt	0	0.7614469711527008	1	0.2385530288472992	
172	280.html.txt	0	0.6627384569103532	1	0.33726154308964684	
173	U.S._Senator_Tim_Johnson_hospitalized$AAA$.html.txt	1	0.6486271068756063	0	0.3513728931243937	
174	255.html.txt	1	0.8352759227761767	0	0.16472407722382332	
175	298.html.txt	1	0.9999574343058188	0	4.256569418123402E-5	
176	Queen_Elizabeth_II_to_visit_the_United_States$AAA$.html.txt	1	0.8215807924353147	0	0.1784192075646853	
177	Duke_upset_by_FSU$AAA$.html.txt	0	0.9998624896349447	1	1.3751036505532034E-4	
178	Miss_Georgia_relinquishes_crown_after_12_hours$AAA$.html.txt	0	0.9713312910429543	1	0.028668708957045617	
179	53.html.txt	1	0.9999392716802739	0	6.072831972617543E-5	
180	311.html.txt	0	0.8964207510660205	1	0.10357924893397948	
181	75.html.txt	0	0.5597263482228995	1	0.44027365177710054	
182	73.html.txt	1	0.9906544416997376	0	0.009345558300262522	
183	328.html.txt	1	0.9999576234695874	0	4.2376530412675975E-5	
184	Fundosa_ONCE_defeats_Servigest_Burgos_80-20_in_Spain_s_top_wheelchair_basketball_league$AAA$.html.txt	0	0.9998037569191269	1	1.9624308087307142E-4	
185	200.html.txt	1	0.9372418898732776	0	0.06275811012672243	
186	192.html.txt	0	0.9999753496382818	1	2.465036171824182E-5	
187	Los_Angeles_City_Council_to_sue_police_officer_accused_of_filing_a_false_report$AAA$.html.txt	0	0.8621796997884404	1	0.13782030021155955	
188	Evan_O_Dorney_wins_2007_US_National_Spelling_Bee_competition$AAA$.html.txt	0	0.9998820222861958	1	1.1797771380416249E-4	
189	7.0_magnitude_earthquake_strikes_off_Japanese_coast$AAA$.html.txt	0	0.9998551085425835	1	1.4489145741650855E-4	
190	14.html.txt	0	0.6212990824005217	1	0.3787009175994784	
191	Germany_to_drop__lese_majeste__law$AAA$.html.txt	1	0.5714195463729245	0	0.4285804536270755	
192	207.html.txt	1	0.9972912843349911	0	0.0027087156650088223	
193	Sevilla_wins_third_consecutive_Europa_League_title__beating_Liverpool_3-1$AAA$.html.txt	0	0.999912938794866	1	8.706120513400098E-5	
194	Santorum_neologism_spreads_to_Romney$AAA$.html.txt	0	0.8031978663420617	1	0.19680213365793828	
195	325.html.txt	1	0.9984161040466754	0	0.0015838959533245294	
196	237.html.txt	1	0.9999185134690467	0	8.148653095327429E-5	
197	Man_eats_dog_to_protest_animal_cruelty$AAA$.html.txt	0	0.611730556469371	1	0.388269443530629	
198	68.html.txt	1	0.9999208798984398	0	7.912010156017797E-5	
199	Oral_Roberts_University_reportedly_owes_over__50_million$AAA$.html.txt	0	0.7306873624342063	1	0.2693126375657938	
200	305.html.txt	0	0.6183252260998252	1	0.38167477390017474	
201	UK_to_ban_export_of_lethal_injection_drugs_to_US$AAA$.html.txt	0	0.8494394561063414	1	0.15056054389365855	
202	Half_of_life_could_go_extinct_by_century_s_end__warn_eminent_biologists$AAA$.html.txt	0	0.5636820017089669	1	0.4363179982910331	
203	218.html.txt	1	0.999961002911833	0	3.899708816707826E-5	
204	Water_level_rising_in_Chinese_rivers__further_flooding_expected$AAA$.html.txt	0	0.9998633597297667	1	1.3664027023327854E-4	
205	195.html.txt	1	0.6917360593345392	0	0.3082639406654608	
206	21_sites_added_to_Unesco_World_Heritage_list$AAA$.html.txt	0	0.9998588955479937	1	1.4110445200635365E-4	
207	38.html.txt	0	0.8323833589483146	1	0.16761664105168536	
208	278.html.txt	1	0.9999579040836709	0	4.209591632919026E-5	
209	131.html.txt	0	0.9964251094633688	1	0.0035748905366312653	
210	Murat_Kurnaz_describes_systematic_torture_in_Guantanamo$AAA$.html.txt	0	0.547154814288947	1	0.45284518571105303	
211	150.html.txt	1	0.9999568565441223	0	4.314345587783776E-5	
212	172.html.txt	1	0.9996926022360696	0	3.073977639304995E-4	
213	0.html.txt	0	0.7646048185922998	1	0.2353951814077003	
214	42_West_Papuan_asylum_seekers_get_temporary_Australian_visas$AAA$.html.txt	1	0.849700900117113	0	0.15029909988288703	
215	Forest_fire_in_Chalkidiki_peninsula_causes_political_tension_in_Greece$AAA$.html.txt	1	0.7976918869423516	0	0.20230811305764845	
216	Wikinews_interviews_New_York_bar_owner_on_Santorum_cocktail$AAA$.html.txt	0	0.8722138829901688	1	0.1277861170098313	
217	100.html.txt	0	0.9999353530228515	1	6.464697714840122E-5	
218	Funeral_of_Pope_John_Paul_II_takes_place$AAA$.html.txt	0	0.6994612165280216	1	0.3005387834719784	
219	148.html.txt	1	0.7011773214975406	0	0.2988226785024593	
220	29.html.txt	1	0.960400250353871	0	0.039599749646128925	
221	279.html.txt	0	0.5501735980213975	1	0.4498264019786024	
222	321.html.txt	1	0.9999634680529486	0	3.653194705141219E-5	
223	63.html.txt	1	0.9999141095983973	0	8.589040160263639E-5	
224	Israel_to_end_Lebanon_blockade$AAA$.html.txt	1	0.7814270361363878	0	0.21857296386361225	
225	251.html.txt	1	0.6302351497963332	0	0.36976485020366684	
226	186.html.txt	0	0.9946556533184238	1	0.005344346681576275	
227	Tensions_rise_between_North_Korea_and_United_States$AAA$.html.txt	1	0.5827513676599081	0	0.41724863234009185	
228	Portugal_beat_Iran_2-0_in_Group_D$AAA$.html.txt	0	0.9999031803496078	1	9.681965039217985E-5	
229	55.html.txt	0	0.7881931510806223	1	0.2118068489193777	
230	206.html.txt	1	0.5006183171268703	0	0.4993816828731297	
231	127.html.txt	0	0.5465024626677626	1	0.4534975373322374	
232	Indian_space_agency_launches_five_foreign_satellites$AAA$.html.txt	0	0.8662237722401039	1	0.13377622775989606	
233	Iraqi_PM__Russian_leaders_discuss_energy_deals$AAA$.html.txt	1	0.7352635830063735	0	0.26473641699362643	
234	13.html.txt	1	0.9999258048842223	0	7.419511577778179E-5	
235	UN_Security_Council_calls_for_release_of_British_soldiers_in_Iran$AAA$.html.txt	1	0.6515615312010562	0	0.3484384687989438	
236	288.html.txt	1	0.5324137153742953	0	0.46758628462570473	
237	67.html.txt	0	0.9999439157439528	1	5.608425604718327E-5	
238	UK_sending_additional_500_troops_to_Afghanistan$AAA$.html.txt	1	0.6530359104005304	0	0.34696408959946956	
239	Holland_park_introduces_special_trail_for_elderly_and_impaired$AAA$.html.txt	0	0.9998435626258683	1	1.564373741317508E-4	
240	European_airspace_closed_by_volcanic_ash$AAA$.html.txt	0	0.8533246991017895	1	0.14667530089821046	
241	95.html.txt	1	0.5006183171268703	0	0.4993816828731297	
242	103.html.txt	1	0.9999032120507746	0	9.67879492254195E-5	
243	99.html.txt	1	0.999958272505297	0	4.172749470309253E-5	
244	301.html.txt	1	0.9995463639415579	0	4.5363605844216446E-4	
245	252.html.txt	0	0.5129441027875049	1	0.4870558972124951	
246	87.html.txt	1	0.9993856071890465	0	6.143928109536055E-4	
247	Car_bomb_kills_15_in_Pakistani_anti-terror_unit$AAA$.html.txt	1	0.656365211671955	0	0.343634788328045	
248	6.2_Magnitude_Earthquake_hits_central_Italy$AAA$.html.txt	0	0.9998787090624102	1	1.21290937589869E-4	
249	91.html.txt	1	0.9999578109594909	0	4.2189040509173326E-5	
250	171.html.txt	1	0.9999458268211233	0	5.4173178876700295E-5	
251	Explosion_and_fire_kill_three_at_Indian_petrochemical_plant$AAA$.html.txt	0	0.9998230530853145	1	1.7694691468558016E-4	
252	59.html.txt	0	0.9995309642273734	1	4.6903577262666986E-4	
253	Australia_defeat_Nigeria_in_international_football__soccer__friendly$AAA$.html.txt	0	0.9998995784392437	1	1.0042156075626482E-4	
254	US_marines_may_face_death_penalty_for__massacre__of_civilians_in_Iraq$AAA$.html.txt	1	0.6015821946183277	0	0.3984178053816722	
255	102.html.txt	0	0.742100726421423	1	0.25789927357857706	
256	322.html.txt	1	0.9998753850040129	0	1.246149959871128E-4	
257	19.html.txt	0	0.7292872241682739	1	0.2707127758317262	
258	233.html.txt	1	0.7332724114850242	0	0.26672758851497586	
259	122.html.txt	0	0.9993043087614013	1	6.956912385987419E-4	
260	25.html.txt	0	0.8456705177860129	1	0.15432948221398704	
261	71.html.txt	1	0.9463375624019909	0	0.05366243759800909	
262	78.html.txt	1	0.7691066451254879	0	0.23089335487451218	
263	Bar_a_defeats_Gary_Neville_s_Valencia_7-0_in_Copa_del_Rey_semis_first_leg$AAA$.html.txt	0	0.9998826633277463	1	1.1733667225370275E-4	
264	74.html.txt	0	0.7599053515293732	1	0.2400946484706268	
265	Wild_Canadian_Goose_tests_positive_for_H5N1_in_England$AAA$.html.txt	0	0.9998400872866485	1	1.5991271335147827E-4	
266	294.html.txt	1	0.9999628995073143	0	3.7100492685657416E-5	
267	17.html.txt	0	0.8061412604415448	1	0.1938587395584552	
268	Bombing_on_train_from_India_to_Pakistan_kills_at_least_68$AAA$.html.txt	0	0.5610902996136959	1	0.4389097003863041	
269	TACA_Airlines_Flight_390_crashes_in_Honduras$AAA$.html.txt	0	0.852244388542664	1	0.14775561145733596	
270	Bush_s_daughter_s_purse_snatched$AAA$.html.txt	1	0.867546435139531	0	0.13245356486046891	
271	326.html.txt	1	0.9996926022360696	0	3.073977639304995E-4	
272	161.html.txt	0	0.8386126983067963	1	0.1613873016932037	
273	Massive_power_failure_hits_Brazil$AAA$.html.txt	0	0.9643647432478469	1	0.03563525675215311	
274	230.html.txt	0	0.9928980295313062	1	0.007101970468693677	
275	40.html.txt	1	0.9999195447671657	0	8.045523283423222E-5	
276	Apples_top_most_contaminated_produce_list$AAA$.html.txt	1	0.7419078205934092	0	0.25809217940659085	
277	270.html.txt	1	0.9999711497900976	0	2.8850209902341798E-5	
278	156.html.txt	0	0.8823188456157336	1	0.11768115438426635	
279	Microsoft_disgruntled_with_partner_Dell_s_interest_in_open_source$AAA$.html.txt	0	0.7626443929697044	1	0.23735560703029565	
280	Manchester_United_defeats_Tottenham_Hotspur_1-0_in_Premier_League_2015_2016$AAA$.html.txt	0	0.9998832974406409	1	1.1670255935914045E-4	
281	318.html.txt	1	0.9972912843349911	0	0.0027087156650088223	
282	166.html.txt	1	0.9999559598821376	0	4.4040117862481505E-5	
283	137.html.txt	1	0.9998969352932565	0	1.0306470674341474E-4	
284	169.html.txt	1	0.5241552644530159	0	0.4758447355469841	
285	Malaysia_Airlines_Flight_17_shot_down_over_eastern_Ukraine__killing_298$AAA$.html.txt	0	0.7432961478969146	1	0.25670385210308544	
286	British_MP_David_Cairns_dies_aged_44$AAA$.html.txt	1	0.6973920098104511	0	0.3026079901895488	
287	Storms_hit_UK__five_dead$AAA$.html.txt	0	0.6797271317928931	1	0.32027286820710693	
288	No_hotel_previously_on_site_of_proposed_Buffalo__N.Y._hotel_location$AAA$.html.txt	1	0.7105710558143821	0	0.28942894418561793	
289	OPEC_cuts_production_by_2.2_million_barrels_a_day$AAA$.html.txt	1	0.640673338412937	0	0.35932666158706295	
290	210.html.txt	1	0.9999224877647914	0	7.751223520855702E-5	
291	Internal_emails_expose_Boeing-Air_Force_contract_discussions$AAA$.html.txt	1	0.5794821270972356	0	0.4205178729027644	
292	88.html.txt	1	0.9998498814388891	0	1.501185611108446E-4	
293	220.html.txt	0	0.9999740460770977	1	2.5953922902302293E-5	
294	At_least_15_die_after_boat_sinks_in_Macedonian_lake$AAA$.html.txt	0	0.9998364540261159	1	1.6354597388415276E-4	
295	296.html.txt	1	0.9998587746747233	0	1.4122532527666447E-4	
296	Tony_Snow_named_new_White_House_press_secretary$AAA$.html.txt	1	0.7806127229385434	0	0.21938727706145655	
297	216.html.txt	0	0.9999496674301268	1	5.033256987308287E-5	
298	48.html.txt	1	0.598785895587812	0	0.40121410441218797	
299	US_Supreme_Court_dismisses_appeal_on_Obama_s_citizenship$AAA$.html.txt	1	0.7237846392987155	0	0.27621536070128444	
300	293.html.txt	1	0.9998720405477801	0	1.2795945221992093E-4	
301	316.html.txt	1	0.9999667773328648	0	3.322266713522872E-5	
302	27.html.txt	1	0.8264291655204576	0	0.17357083447954236	
303	Israeli_PM_Ariel_Sharon_undergoes_emergency_surgery$AAA$.html.txt	1	0.5725738326604966	0	0.4274261673395034	
304	Motive_in_Wisconsin_church_murder-suicide_a_mystery$AAA$.html.txt	0	0.9998598115687808	1	1.4018843121925108E-4	
305	Church_of_England_rejects_compromise_over_women_bishops$AAA$.html.txt	1	0.5212787045818656	0	0.47872129541813435	
306	259.html.txt	1	0.9998424400442132	0	1.5755995578681798E-4	
307	72.html.txt	1	0.9906544416997376	0	0.009345558300262522	
308	Creator_of_G.I._Joe_action_figure_to_create_a_line_of_Bible-themed_toys$AAA$.html.txt	0	0.8438635085725295	1	0.15613649142747058	
309	Last_of_raisers_of_first_U.S._flag_over_Iwo_Jima_dies$AAA$.html.txt	0	0.9998869627092523	1	1.1303729074774406E-4	
310	Saddam_Hussein_admits_to_requesting_trials$AAA$.html.txt	1	0.5849715665416176	0	0.41502843345838236	
311	277.html.txt	1	0.9998808355247734	0	1.1916447522661438E-4	
312	Senator_Hatch_lashes_out_at_critics_of_domestic_surveillance_program$AAA$.html.txt	1	0.5195556789371342	0	0.48044432106286583	
313	258.html.txt	1	0.9998878435233959	0	1.1215647660410673E-4	
314	176.html.txt	1	0.9999144946869248	0	8.550531307511038E-5	
315	58.html.txt	1	0.9992067124072663	0	7.932875927336723E-4	
316	Typhoon_prompts_massive_evacuations_in_China$AAA$.html.txt	0	0.9998446877454378	1	1.553122545623052E-4	
317	214.html.txt	1	0.9999413268431723	0	5.867315682778301E-5	
318	An_Australian_child_s_vocabulary__it_s__I__before__we___both_before__you_$AAA$.html.txt	0	0.5462052909347089	1	0.453794709065291	
319	22.html.txt	1	0.9999564625765367	0	4.3537423463390947E-5	
320	92.html.txt	1	0.9999513541231194	0	4.8645876880625395E-5	
321	145.html.txt	1	0.9999411457759082	0	5.8854224091881535E-5	
322	106.html.txt	0	0.5133011304910352	1	0.48669886950896485	
323	101.html.txt	0	0.7567280052844146	1	0.24327199471558533	
324	Wiki_loves_the_European_Parliament_in_Strasbourg$AAA$.html.txt	0	0.6413964348755161	1	0.3586035651244839	
325	56.html.txt	1	0.9999301526682735	0	6.984733172659297E-5	
326	Americans_are_getting_fatter__not-for-profit_s_report_finds$AAA$.html.txt	0	0.5905122634675338	1	0.4094877365324663	
327	128.html.txt	1	0.9988808440880452	0	0.001119155911954869	
328	79.html.txt	1	0.9988110741719931	0	0.001188925828006949	
329	302.html.txt	0	0.9999301233731415	1	6.987662685842031E-5	
330	320.html.txt	1	0.9999634680529486	0	3.653194705141219E-5	
331	242.html.txt	0	0.6807899733173599	1	0.31921002668264015	
332	154.html.txt	1	0.9998891473602072	0	1.1085263979285517E-4	
333	Family_sues_CNN_s_Nancy_Grace_after__heated_debate_$AAA$.html.txt	1	0.5818876368351229	0	0.41811236316487704	
334	Euro_2008__Austria_vs._Poland$AAA$.html.txt	0	0.9998691551613746	1	1.3084483862540374E-4	
335	36.html.txt	0	0.9995309642273734	1	4.6903577262666986E-4	
336	269.html.txt	1	0.9999826632209553	0	1.7336779044781872E-5	
337	NFL__Colts__Saints_kick_off_season$AAA$.html.txt	0	0.9998744789833076	1	1.2552101669245454E-4	
338	290.html.txt	1	0.9999672901684553	0	3.270983154465269E-5	
339	260.html.txt	0	0.9999349636309258	1	6.503636907409697E-5	
340	295.html.txt	1	0.99995303139915	0	4.696860085003215E-5	
341	31.html.txt	1	0.9998878435233959	0	1.1215647660410673E-4	
342	4.html.txt	1	0.593146288603622	0	0.40685371139637805	
343	187.html.txt	0	0.9999191332180714	1	8.086678192850481E-5	
344	155.html.txt	1	0.9999144946869248	0	8.550531307511038E-5	
345	Iran_airs_new_video_of_UK_crewmen__releases_new_letters_from_Turney$AAA$.html.txt	1	0.59999032959929	0	0.40000967040070995	
346	STS-122_astronauts_perform_third_spacewalk$AAA$.html.txt	0	0.9998773310746937	1	1.226689253063172E-4	
347	204.html.txt	1	0.9962165391609141	0	0.0037834608390859142	
348	108.html.txt	1	0.9999346968960399	0	6.530310396022822E-5	
349	Djokovic_wins_French_Open__completes_his_career_Grand_Slam$AAA$.html.txt	0	0.9998579674775252	1	1.4203252247479368E-4	
350	Fresh_pictures_of_Castro_and_Chavez_shown_in_Cuban_media$AAA$.html.txt	1	0.8341089193217289	0	0.1658910806782711	
351	50.html.txt	1	0.9998218325548739	0	1.7816744512607913E-4	
352	Suicide_car_bomber_kills_seven_in_Kohat__Pakistan$AAA$.html.txt	0	0.610431671047171	1	0.38956832895282895	
353	37.html.txt	1	0.9998928831125729	0	1.0711688742715284E-4	
354	152.html.txt	0	0.6878801270241064	1	0.31211987297589366	
355	British_foreign_secretary___President_Mugabe_persists_in_his_ambition_to_steal_the_election_$AAA$.html.txt	1	0.6043792148676205	0	0.39562078513237947	
356	UK_police_involved_in_stand-off_with_gunman_Raoul_Moat$AAA$.html.txt	0	0.7367980106135771	1	0.2632019893864229	
357	164.html.txt	1	0.9999473231496848	0	5.267685031524339E-5	
358	16.html.txt	0	0.8013711962945012	1	0.19862880370549893	
359	232.html.txt	1	0.9999730267820721	0	2.6973217927836896E-5	
360	Study_suggests__sleeping_sickness__parasite_mutated_to_evade_immune_system_defences$AAA$.html.txt	1	0.5267862276580694	0	0.4732137723419307	
361	205.html.txt	1	0.9999492843096639	0	5.0715690336215274E-5	
362	268.html.txt	1	0.5006183171268703	0	0.4993816828731297	
363	262.html.txt	1	0.9998522081249781	0	1.47791875021841E-4	
364	189.html.txt	1	0.9998974892834622	0	1.0251071653780456E-4	
365	BBC_Foreign_correspondent_Brian_Hanrahan_dies_aged_61$AAA$.html.txt	1	0.6140938674315324	0	0.3859061325684676	
366	Japanese_H-IIA_rocket_launches_satellite_into_orbit$AAA$.html.txt	0	0.9998313448376324	1	1.6865516236762475E-4	
367	179.html.txt	1	0.9998878435233959	0	1.1215647660410673E-4	
368	Over_50_dead_after_Iraq_bombing$AAA$.html.txt	0	0.7195309420758166	1	0.2804690579241834	
369	Three_detained_for_Thai_marine_deaths$AAA$.html.txt	0	0.5555311111094783	1	0.4444688888905217	
370	51.html.txt	1	0.9976281613679396	0	0.0023718386320602954	
371	Waitangi_day_or_New_Zealand_day__United_Future_calls_for_a_change$AAA$.html.txt	0	0.5101955286284634	1	0.4898044713715366	
372	307.html.txt	1	0.6848480019150568	0	0.3151519980849433	
373	317.html.txt	1	0.9968428709119921	0	0.0031571290880078916	
374	147.html.txt	1	0.6153731439066691	0	0.38462685609333086	
375	112.html.txt	0	0.628410625183942	1	0.3715893748160581	
376	115.html.txt	1	0.9999346968960399	0	6.530310396022822E-5	
377	201.html.txt	0	0.9995850414492556	1	4.149585507444359E-4	
378	3.html.txt	1	0.9999580891041294	0	4.191089587064436E-5	
379	264.html.txt	1	0.7265499024755818	0	0.27345009752441807	
380	312.html.txt	0	0.921942268480254	1	0.07805773151974604	
381	24.html.txt	1	0.5864492198868706	0	0.4135507801131294	
382	10.html.txt	0	0.9999579902511082	1	4.200974889183329E-5	
383	University_of_Southern_California_spit_test_predicts_cavities$AAA$.html.txt	0	0.8494394561063414	1	0.15056054389365855	
384	249.html.txt	1	0.9996875662856995	0	3.124337143005114E-4	
385	159.html.txt	1	0.6350857058478854	0	0.36491429415211457	
386	Chess_grandmasters_Kasparov_and_Karpov_play_match_in_Spain$AAA$.html.txt	0	0.9998650672991458	1	1.349327008541976E-4	
387	French_workers_use_threats_in_compensation_demand$AAA$.html.txt	1	0.776856682667234	0	0.22314331733276607	
388	Seventeen_injured_after_coach_overturns_near_Oxford__England$AAA$.html.txt	1	0.5346527356169937	0	0.46534726438300633	
389	Two_San_Diego_art_museums_receive__40_million_art_collection$AAA$.html.txt	0	0.9998642188827983	1	1.3578111720171808E-4	
390	286.html.txt	1	0.9999060722053787	0	9.392779462125693E-5	
391	134.html.txt	1	0.5006183171268703	0	0.4993816828731297	
392	146.html.txt	1	0.6017969326547004	0	0.39820306734529964	
393	111.html.txt	0	0.9999512579296735	1	4.874207032645205E-5	
394	23.html.txt	1	0.9999368589593425	0	6.314104065760324E-5	
395	EU_report_in_favour_of_adopting_open_source_software$AAA$.html.txt	0	0.754844974146458	1	0.24515502585354204	
396	273.html.txt	1	0.9999699685973051	0	3.0031402694806433E-5	
397	Iraq__Another_day_of_violence_in_Baghdad_and_the_south$AAA$.html.txt	1	0.8540982399046186	0	0.1459017600953813	
398	272.html.txt	1	0.9747141055093202	0	0.025285894490679767	
399	291.html.txt	1	0.9999537153403928	0	4.6284659607248595E-5	
400	ITV_fined_A_3000_for_cruelty_to_rat_on__I_m_A_Celebrity...Get_Me_Out_Of_Here__$AAA$.html.txt	0	0.7845495731393947	1	0.21545042686060542	
401	283.html.txt	1	0.9194288834855507	0	0.08057111651444927	
402	81.html.txt	0	0.9996214153716436	1	3.7858462835648073E-4	
403	62.html.txt	1	0.5387086698596529	0	0.46129133014034707	
404	APEC_leaders_wear_Driza-Bones_for_group_photo$AAA$.html.txt	0	0.7616514805672151	1	0.23834851943278498	
405	Al_Gore-owned_cable_news_channel_to_relaunch_August_1_with_viewer-created_content$AAA$.html.txt	0	0.7087748973415722	1	0.29122510265842777	
406	Colorado_counties_consider_forming_new_U.S._state$AAA$.html.txt	0	0.53758349569685	1	0.46241650430314996	
407	Vietnam_becomes_150th_member_of_the_World_Trade_Organization$AAA$.html.txt	0	0.5430264140019379	1	0.45697358599806215	
408	Auto_parts_maker_Delphi_plans_to_cut_8_500_jobs__union_contracts$AAA$.html.txt	1	0.7119411440421375	0	0.2880588559578625	
409	110.html.txt	0	0.9999843180235494	1	1.5681976450595647E-5	
410	US_unemployment_rate_down_to_ten_percent$AAA$.html.txt	1	0.779131291957048	0	0.22086870804295203	
411	235.html.txt	0	0.6981955036768699	1	0.30180449632313017	
412	Tour_de_France__Linus_Gerdemann_wins_stage_7$AAA$.html.txt	0	0.999817056951241	1	1.8294304875902153E-4	
413	Israel_to_webcast_al-Aqsa_mosque_excavations$AAA$.html.txt	0	0.6167304866660203	1	0.3832695133339797	
414	315.html.txt	1	0.9963995591983515	0	0.0036004408016485513	
415	89.html.txt	1	0.9998985795871586	0	1.014204128414484E-4	
416	Glasgow_cannabis_enthusiasts_celebrate__green__on_city_green$AAA$.html.txt	0	0.5791205781053995	1	0.4208794218946005	
417	310.html.txt	0	0.9996627967714468	1	3.3720322855328297E-4	
418	133.html.txt	1	0.9998628375242323	0	1.371624757676648E-4	
419	42.html.txt	1	0.9999726790101253	0	2.7320989874681934E-5	
420	Baltimore_police_seek_sex_offender_for_failure_to_register$AAA$.html.txt	0	0.8588727201660911	1	0.14112727983390896	
421	163.html.txt	1	0.9999022195608362	0	9.778043916374185E-5	
422	231.html.txt	1	0.9810148292956874	0	0.018985170704312694	
423	34.html.txt	1	0.9999065325439794	0	9.346745602053937E-5	
424	Vestas_occupation_continues__left-wing_political_parties_voice_support$AAA$.html.txt	1	0.7950208659800898	0	0.20497913401991022	
425	243.html.txt	1	0.6632104559351366	0	0.33678954406486333	
426	327.html.txt	1	0.9906544416997376	0	0.009345558300262522	
427	Disposal_of_fracking_wastewater_poses_potential_environmental_problems$AAA$.html.txt	1	0.7995896472794592	0	0.20041035272054075	
428	149.html.txt	1	0.9998675987656126	0	1.3240123438737516E-4	
429	281.html.txt	1	0.7450411566280112	0	0.2549588433719888	
430	Cassini_photographs_possible_lakes_on_Saturn_s_moon__Titan$AAA$.html.txt	0	0.9998588955479937	1	1.4110445200635365E-4	
431	U.S._jury_decision_moves_Moussaoui_closer_to_execution$AAA$.html.txt	1	0.7570361841122101	0	0.24296381588778998	
432	Sources__State_Department_official_source_of_Plame_leak$AAA$.html.txt	1	0.6891023211638709	0	0.3108976788361292	
433	118.html.txt	1	0.8752661900439808	0	0.12473380995601935	
434	AllOfMP3.com_to_reopen_soon$AAA$.html.txt	0	0.7897605424168411	1	0.2102394575831589	
435	Hezbollah_network_Al-Manar_available_to_wider_international_audience$AAA$.html.txt	1	0.5812925038510398	0	0.41870749614896025	
436	US_charges_homeless_man_after_plane_stolen_and_crashed_in_Maryland$AAA$.html.txt	0	0.9998633597297667	1	1.3664027023327854E-4	
437	57.html.txt	1	0.5507781126639237	0	0.44922188733607626	
438	308.html.txt	1	0.9999078868787274	0	9.211312127249315E-5	
439	276.html.txt	0	0.9988658632303864	1	0.001134136769613601	
440	180.html.txt	1	0.9999702032027318	0	2.9796797268185167E-5	
441	Netanyahu_quits_over_Israel_s_pullout_plan$AAA$.html.txt	1	0.6405324742016394	0	0.3594675257983606	
442	Dublin_gets_ready_to_be_rocked_once_again_by_U2$AAA$.html.txt	0	0.9404991333459618	1	0.05950086665403827	
443	267.html.txt	1	0.9906544416997376	0	0.009345558300262522	
444	213.html.txt	1	0.9999496857100536	0	5.031428994648425E-5	
445	119.html.txt	0	0.9946556533184238	1	0.005344346681576275	
446	120.html.txt	0	0.9992811504452258	1	7.188495547741753E-4	
447	197.html.txt	0	0.6415631226919196	1	0.3584368773080805	
448	Drug-dealers_war_in_Rio_de_Janeiro$AAA$.html.txt	0	0.9998941646303663	1	1.0583536963376455E-4	
449	Hertfordshire__England_police_arrest_armed_suspect_after_stand-off$AAA$.html.txt	0	0.862400005660857	1	0.13759999433914308	
450	Passenger_jet_lands_safely_at_Newark_Airport_after_pilot_dies$AAA$.html.txt	0	0.9998201049691342	1	1.7989503086581884E-4	
451	173.html.txt	1	0.7736920458384182	0	0.2263079541615817	
452	93.html.txt	1	0.6345883886104782	0	0.3654116113895219	
453	Serial_killer_suspected_loose_in_New_York__more_bodies_found$AAA$.html.txt	0	0.7162323020661178	1	0.28376769793388223	
454	Greenland_assumes_self_rule_Sunday$AAA$.html.txt	0	0.709245517836937	1	0.29075448216306304	
455	65.html.txt	1	0.999935141073404	0	6.485892659609043E-5	
456	271.html.txt	1	0.9998946581317969	0	1.053418682030619E-4	
457	44.html.txt	0	0.7344735336420011	1	0.26552646635799904	
458	266.html.txt	1	0.9999249287042352	0	7.507129576479766E-5	
459	211.html.txt	1	0.9998384356626399	0	1.615643373601644E-4	
460	182.html.txt	0	0.9969328583889565	1	0.0030671416110435263	
461	228.html.txt	1	0.9998728933795872	0	1.271066204128348E-4	
462	238.html.txt	1	0.9997950233719415	0	2.0497662805850215E-4	
463	45.html.txt	1	0.6725154538557774	0	0.3274845461442227	
464	15.html.txt	1	0.99993664921678	0	6.335078322003335E-5	
465	Tour_de_France__Alexander_Vinokourov_wins_stage_13$AAA$.html.txt	0	0.9998869627092523	1	1.1303729074774406E-4	
466	199.html.txt	1	0.5687790074595613	0	0.4312209925404387	
467	223.html.txt	0	0.5700416906831867	1	0.42995830931681334	
468	41.html.txt	1	0.9998904212307618	0	1.0957876923815981E-4	
469	FIA_lays_out_cost_cutting_measures_for_Formula_One$AAA$.html.txt	1	0.5111141104206294	0	0.48888588957937057	
470	240.html.txt	1	0.5082119316922213	0	0.4917880683077786	
471	Madrid_bombing_suspect_arrested_in_Belgrade$AAA$.html.txt	0	0.9089430429100076	1	0.09105695708999238	
472	New_BP_oil_spill_plan$AAA$.html.txt	1	0.6014654450071074	0	0.39853455499289264	
473	168.html.txt	1	0.999935141073404	0	6.485892659609043E-5	
474	US_and_Japan_offend_Beijing_over_Taiwan$AAA$.html.txt	1	0.6343427251689645	0	0.36565727483103555	
475	135.html.txt	1	0.999603020449138	0	3.969795508620975E-4	
476	284.html.txt	1	0.9999202179181758	0	7.978208182423463E-5	
477	6.html.txt	1	0.999964945337434	0	3.5054662566015867E-5	
478	85.html.txt	1	0.9999718315857145	0	2.8168414285476403E-5	
479	94.html.txt	1	0.816931383958993	0	0.183068616041007	
480	239.html.txt	0	0.5832558757962699	1	0.41674412420373014	
481	Leaders_throughout_the_world_deliver_Christmas_messages$AAA$.html.txt	1	0.697529234545688	0	0.30247076545431206	
482	Canadian_Broadcasting_Corporation_gets_new_chairman$AAA$.html.txt	0	0.7114910468823828	1	0.28850895311761715	
483	World_s_oldest_living_woman_dies_at_age_115$AAA$.html.txt	0	0.9998154938787194	1	1.845061212807092E-4	
484	Campaigning_begins_for_groundbreaking_Congo_elections$AAA$.html.txt	1	0.8036129760087956	0	0.19638702399120442	
485	241.html.txt	0	0.9894178074459966	1	0.010582192554003274	
486	236.html.txt	1	0.9976682463635055	0	0.002331753636494628	
487	US_presidential_race_tied_as_the_Democratic_National_Convention_starts$AAA$.html.txt	1	0.6042621490186784	0	0.3957378509813217	
488	86.html.txt	1	0.9999590783307963	0	4.092166920368533E-5	
489	Sesame_Street_Live_near_the_finish_of_its_27th_season$AAA$.html.txt	0	0.9998624896349447	1	1.3751036505532034E-4	
490	175.html.txt	1	0.9999553411103711	0	4.4658889628935154E-5	
491	90.html.txt	1	0.8439199630301429	0	0.15608003696985703	
492	167.html.txt	1	0.9999487390392675	0	5.1260960732569224E-5	
493	Texas_cold_weather_creates_major_highway_closures$AAA$.html.txt	0	0.9998598115687808	1	1.4018843121925108E-4	
494	314.html.txt	1	0.9999660680033983	0	3.3931996601625326E-5	
495	46.html.txt	0	0.9942246861112427	1	0.005775313888757233	
496	97.html.txt	1	0.9998720405477801	0	1.2795945221992093E-4	
497	76.html.txt	1	0.6160611370543049	0	0.3839388629456952	
498	80.html.txt	0	0.999786276949924	1	2.1372305007609746E-4	
499	7.html.txt	0	0.999926055779839	1	7.39442201609097E-5	
500	234.html.txt	0	0.5095994985506461	1	0.49040050144935393	
501	UEFA_Euro_2016__day_3__Turkey-Croatia__Poland-Northern_Ireland__Germany-Ukraine$AAA$.html.txt	0	0.9999163127283828	1	8.368727161710084E-5	
502	Creation_Science_Evangelism_removes_section_of_copyright_controversy_in_Wikipedia_article$AAA$.html.txt	0	0.9998579674775252	1	1.4203252247479368E-4	
503	105.html.txt	1	0.7194187673308102	0	0.2805812326691898	
504	Sony_faces_class_action_lawsuits_for_DRM$AAA$.html.txt	0	0.8173685981228588	1	0.1826314018771413	
505	Huckabee__Obama_win_Iowa_caucuses$AAA$.html.txt	0	0.5680235028736376	1	0.4319764971263624	
506	30.html.txt	1	0.9999543796488688	0	4.562035113128235E-5	
507	NHL__Penguins_defeat_Thrashers__catch_Devils$AAA$.html.txt	0	0.9998869627092523	1	1.1303729074774406E-4	
508	125.html.txt	0	0.763432604745346	1	0.23656739525465406	
509	323.html.txt	1	0.9900066100398259	0	0.009993389960174097	
510	299.html.txt	1	0.9999167346030396	0	8.326539696031601E-5	
511	165.html.txt	0	0.8730080214285565	1	0.12699197857144354	
512	282.html.txt	0	0.9997628013911715	1	2.3719860882858392E-4	
513	247.html.txt	0	0.569509348095625	1	0.4304906519043749	
514	256.html.txt	1	0.9999228015278512	0	7.719847214881117E-5	
515	Treasury_reveals_cost_of_carbon_tax_on_Australian_families$AAA$.html.txt	1	0.6249835310915085	0	0.37501646890849155	
516	32.html.txt	1	0.6224110594393543	0	0.37758894056064585	
517	198.html.txt	0	0.6409359863493521	1	0.35906401365064794	
518	Sam_Simon___The_Simpsons__co-creator__dies_aged_59$AAA$.html.txt	1	0.5377765580517356	0	0.46222344194826437	
519	121.html.txt	0	0.9957158994857896	1	0.004284100514210401	
520	196.html.txt	1	0.7625222020285553	0	0.23747779797144475	
521	Massive_snowstorm_blasts_most_of_United_States$AAA$.html.txt	0	0.9999250289217746	1	7.497107822533858E-5	
522	Tibetans_demand_that_China_release_Panchen_Lama_boy$AAA$.html.txt	0	0.8343002777448149	1	0.16569972225518512	
523	Croatia_and_Japan_share_point_in_Group_F$AAA$.html.txt	0	0.9998820222861958	1	1.1797771380416249E-4	
524	319.html.txt	1	0.7905749452609757	0	0.2094250547390242	
525	JK_Rowling_announces_seventh_Harry_Potter_title$AAA$.html.txt	0	0.9532658329885624	1	0.046734167011437615	
526	Serbia_and_Montenegro__Red_Star_advances_to_cup_finals$AAA$.html.txt	0	0.9998521321498807	1	1.478678501193667E-4	
527	117.html.txt	1	0.9999400354608371	0	5.996453916298357E-5	
528	126.html.txt	0	0.9656393383529286	1	0.03436066164707144	
529	6-year-old_boy_in_Colorado_found_alive__unhurt_after_runaway_balloon_allegedly_carried_him_away$AAA$.html.txt	0	0.9999239731422721	1	7.602685772779448E-5	
530	Rosa_Parks_dies_at_92$AAA$.html.txt	0	0.6221760727679081	1	0.37782392723209196	
531	162.html.txt	1	0.9999333270956217	0	6.667290437848072E-5	
532	297.html.txt	1	0.5006183171268703	0	0.4993816828731297	
533	190.html.txt	1	0.9906544416997376	0	0.009345558300262522	
