#doc name topic proportion ...
0	0.html.txt	0	0.9999897830409961	1	1.0216959003921927E-5	
1	1.html.txt	1	0.9996764014147441	0	3.2359858525596785E-4	
2	10.html.txt	1	0.99996039698603	0	3.960301396995478E-5	
3	11.html.txt	1	0.9999722647147129	0	2.7735285287071982E-5	
4	2.html.txt	1	0.9999889120702093	0	1.1087929790725597E-5	
5	3.html.txt	1	0.99997276440557	0	2.7235594430017164E-5	
6	4.html.txt	1	0.5027571349366956	0	0.49724286506330456	
7	5.html.txt	1	0.9999391378077127	0	6.086219228733369E-5	
8	6.html.txt	1	0.9999487641299527	0	5.123587004725279E-5	
9	7.html.txt	0	0.9999550793529524	1	4.492064704766659E-5	
10	8.html.txt	0	0.998935042491294	1	0.0010649575087061907	
11	9.html.txt	0	0.9996508570906569	1	3.491429093430595E-4	
12	Australians_may_choose_to_change_head_of_state_beyond_Queen_Elizabeth_II__Howard$AAA$.html.txt	1	0.9999580137949154	0	4.198620508454904E-5	
13	Cities_across_Texas_increase_efforts_to_combat_mosquitos$AAA$.html.txt	1	0.9999596930242162	0	4.030697578386548E-5	
14	Fear_and_loathing_on_the_campaign_trail__August_2008$AAA$.html.txt	1	0.9999280306280273	0	7.196937197266694E-5	
15	IDA_Ireland_opens_Shanghai_office$AAA$.html.txt	1	0.999930776935726	0	6.922306427409272E-5	
16	Jimmie_Johnson_wins_seventh_NASCAR_Cup_Series_championship$AAA$.html.txt	0	0.7788647127256537	1	0.2211352872743462	
17	Last_of_raisers_of_first_U.S._flag_over_Iwo_Jima_dies$AAA$.html.txt	1	0.643986240365907	0	0.3560137596340929	
