#doc name topic proportion ...
0	Tropical_Storm_Irene_passes_over_New_York$AAA$.html.txt	1	0.617264915064397	0	0.38023992953659647	3	9.556283102591259E-4	5	6.95419332491402E-4	2	6.574889334909376E-4	4	1.8661882276505375E-4	
1	254.html.txt	1	0.7575476908718713	2	0.22759561195934142	5	0.008976067291724016	3	0.005564306180001068	0	2.5439233650249946E-4	4	6.193136055962613E-5	
2	215.html.txt	3	0.9809607841872285	0	0.016844286543319976	5	7.065915268335806E-4	2	6.68051760550226E-4	1	6.306690520334816E-4	4	1.8961693003418916E-4	
3	Israel_continues_settlement_expansion$AAA$.html.txt	3	0.651061693050924	0	0.34678940825468174	5	6.917733662835061E-4	2	6.540418299642275E-4	1	6.17443086377094E-4	4	1.8564041176931528E-4	
4	Australia_appeals_for_no_execution_in_Indonesian_drug_case$AAA$.html.txt	5	0.4115602141741986	0	0.3545202014556846	3	0.2252495823026299	2	0.008086994507603551	1	4.482398007011595E-4	4	1.3476775918216203E-4	
5	Two_dead_after_two_light_aircraft_crash_in_Isle_of_Wight__England$AAA$.html.txt	1	0.6987594907538726	0	0.26235058847798043	2	0.03780282121435544	3	5.653164647491383E-4	5	4.113858854345203E-4	4	1.1039720360793773E-4	
6	Typhoon_kills_two_in_southern_China$AAA$.html.txt	0	0.5245043324056071	1	0.47195570722902874	3	0.00135578182572678	5	9.866146514592418E-4	2	9.328015265702872E-4	4	2.6476236160770513E-4	
7	Arrest_warrant_issued_for_Richard_Gere_for_kissing_actress_Shilpa_Shetty$AAA$.html.txt	5	0.5891496433286061	3	0.2168465048303661	0	0.19170192268497058	2	0.0010332384789631757	1	9.754207241599373E-4	4	2.932699529342274E-4	
8	151.html.txt	1	0.9187619831123623	3	0.04189811725982727	5	0.03828876417741261	0	5.002651901494204E-4	2	4.2908159203393565E-4	4	1.2178866821434014E-4	
9	143.html.txt	3	0.8756306078107872	1	0.11021273624896052	2	0.013468784441219118	0	3.198453942949209E-4	5	2.901603140082534E-4	4	7.7865790729981E-5	
10	77.html.txt	1	0.9654479280393196	2	0.029834352463057205	3	0.0017311774287929594	0	0.001388677575573392	5	0.0012597934144802977	4	3.380710787766132E-4	
11	Volcanic_eruption_starts_on_top_of_Eyjafjallaj_kull__Iceland$AAA$.html.txt	0	0.5552779011129707	1	0.44156039842548533	3	0.0012109107395930864	5	8.811906566541073E-4	2	8.331276942935018E-4	4	2.3647137100317434E-4	
12	292.html.txt	3	0.968352912945941	0	0.025741526313251932	2	0.004711257366806042	5	5.526865381265212E-4	1	4.933009834322775E-4	4	1.4831585244222354E-4	
13	191.html.txt	5	0.9867972892441228	2	0.00632885970482441	1	0.006318148750629815	3	2.7820701093358654E-4	0	2.2316593956527231E-4	4	5.4329349924064315E-5	
14	289.html.txt	1	0.8234081085235326	3	0.17368914586507436	0	9.648975986574731E-4	5	8.753447609569286E-4	2	8.276006524819559E-4	4	2.3490259929660363E-4	
15	5.html.txt	0	0.4127068602871263	5	0.3613557155970739	3	0.21185563364094265	2	0.006320719181575485	1	0.005967025625575543	4	0.0017940456677060855	
16	212.html.txt	2	0.9704924623783423	3	0.008743833589377617	0	0.007013934810009743	5	0.006362966493209136	1	0.005679272810383068	4	0.0017075299186780268	
17	49.html.txt	1	0.5426026953046166	2	0.3319262132463872	3	0.12450187898178504	0	4.5066286968775763E-4	5	4.08836525749331E-4	4	1.0971307177405518E-4	
18	64.html.txt	3	0.997730952194337	0	5.942936079821752E-4	5	5.391367922784691E-4	2	5.097305438589866E-4	1	4.81207142726913E-4	4	1.446797188163865E-4	
19	304.html.txt	5	0.8516343947517562	3	0.08003686869340525	0	0.06403553879029751	2	0.0019270345989796241	1	0.0018192019773635919	4	5.469611881977961E-4	
20	8.html.txt	4	0.5688419696886714	2	0.3403631392195204	5	0.07985071829713725	0	0.009993896645093136	3	5.760934077280469E-4	1	3.7418274184970035E-4	
21	226.html.txt	2	0.7145474540510806	1	0.28068934859851663	3	0.0017478656257664457	0	0.0014020641438871842	5	0.0012719375657943583	4	3.413300149548632E-4	
22	188.html.txt	5	0.6527700096517726	3	0.26720959113079135	1	0.07861685229878003	0	6.679878086876645E-4	2	5.729386694392116E-4	4	1.626204405291267E-4	
23	Wikinews_interviews_17-year-old_author_of__LEGO_Heavy_Weapons_$AAA$.html.txt	0	0.5714964008108077	2	0.42540918443826814	3	0.001202877452098717	5	8.753447609569286E-4	1	7.812899385718256E-4	4	2.3490259929660363E-4	
24	96.html.txt	2	0.9519585036797973	3	0.014235916754376516	0	0.011419452469592303	5	0.010359604901247894	1	0.009246476860244336	4	0.002780045334741777	
25	After_Mars__NASA_announces_water_ice_on_Pluto$AAA$.html.txt	1	0.6125206282415168	0	0.38508516499252726	3	9.169656395238608E-4	5	6.672841586100815E-4	2	6.308883421577361E-4	4	1.790686256642462E-4	
26	113.html.txt	5	0.592568068432046	3	0.3380779733380889	1	0.05364466581938265	0	0.01227419523629858	2	0.003330256822444026	4	1.0484035173972508E-4	
27	82.html.txt	2	0.956791901746468	5	0.0293427507024593	0	0.01073151124976221	3	0.0016987391305628306	1	0.001103360769338014	4	3.317364014096703E-4	
28	Georgia_withdraws_from_South_Ossetia$AAA$.html.txt	0	0.5157753926014298	3	0.48225156250811774	5	6.351625180178725E-4	2	6.005187187834652E-4	1	5.66915010884183E-4	4	1.7044864276684186E-4	
29	222.html.txt	3	0.2790309296808387	5	0.23825749128524193	1	0.23770662258792793	2	0.1991227436887827	0	0.044506414200699194	4	0.0013757985565094899	
30	66.html.txt	5	0.6204663683902516	3	0.3118708856558416	2	0.06686797952666422	0	3.8709405644947996E-4	1	3.134350132135554E-4	4	9.423735757946257E-5	
31	US_novelist_Tom_Clancy_dies_at_age_66$AAA$.html.txt	0	0.6688544015925334	2	0.22574287140897634	5	0.09630823515238604	3	0.008050598181650897	1	8.025876854862455E-4	4	2.4130597896702868E-4	
32	144.html.txt	3	0.9613507088292336	0	0.021883393741976096	2	0.014782241924170308	5	9.179742078524188E-4	1	8.193388987437221E-4	4	2.4634239802388466E-4	
33	227.html.txt	3	0.9718349582504193	5	0.02554737508030571	0	8.992731749447358E-4	2	7.713140413856282E-4	1	7.281530025459988E-4	4	2.189264503986148E-4	
34	185.html.txt	4	0.9217345159747609	3	0.05434684817458051	0	0.006691256795709212	5	0.006070236456688211	2	0.005739146307088155	1	0.005417996291173038	
35	Type_O_Negative_announce_US_tour_details__Lordi_supporting$AAA$.html.txt	0	0.7044750226508294	5	0.19989071189211705	2	0.09325752010692828	3	0.0012883475527909888	1	8.368042634958517E-4	4	2.515935338383789E-4	
36	244.html.txt	0	0.41855952758413284	4	0.3783506880758097	3	0.06625566813740365	5	0.04821484672988747	2	0.04558505447539404	1	0.04303421499737212	
37	Toxic_air_from_Ukraine_train_derailment_continues_to_make_people_sick$AAA$.html.txt	0	0.6094251135272447	1	0.3215605315941668	3	0.06739816517156004	5	7.300485814482434E-4	2	6.902293922335153E-4	4	1.9591173334666115E-4	
38	Tamil_Nadu_film__Sivaji__The_Boss__may_have_a_delayed_release_in_Kerala$AAA$.html.txt	0	0.5763326365459732	5	0.42055882588321475	3	0.001227303568962596	2	8.444062466169833E-4	1	7.971551285883412E-4	4	2.3967262664397544E-4	
39	209.html.txt	0	0.5826280730234051	3	0.29496407410250397	2	0.12069782695366742	5	7.913469279578395E-4	1	7.063175794384008E-4	4	2.123614130270957E-4	
40	246.html.txt	3	0.9349261665365999	2	0.05087274997696319	1	0.01109595329861446	0	0.0014438184903097526	5	0.001309816661398938	4	3.5149503611383274E-4	
41	194.html.txt	1	0.9956642679383051	3	0.0012702954593495316	0	0.0010189774828460783	5	9.24405452333421E-4	2	8.739854165262556E-4	4	2.480682506395419E-4	
42	136.html.txt	3	0.9745570008738642	2	0.015205387700667284	5	0.008100570838179784	0	0.0010408538677217796	1	8.427927020505265E-4	4	2.533940175164262E-4	
43	257.html.txt	4	0.6660631770307789	5	0.1831536080792051	2	0.14365804915347488	0	0.005649918223046768	3	8.943509396388349E-4	1	5.808965738554184E-4	
44	Two_arrests_made_in_Zotob_worm_attack$AAA$.html.txt	5	0.5160334073153049	0	0.3456871774026954	3	0.1370954195143299	2	5.3144554117435E-4	1	5.017070165099119E-4	4	1.508432099854668E-4	
45	Istanbul_court_acquits_bomb_accused_Pinar_Selek_for_fourth_time$AAA$.html.txt	3	0.6366186609030153	0	0.35866188545106853	5	0.0037891118322268278	2	4.1759102705773516E-4	1	3.942235508148018E-4	4	1.1852723581672023E-4	
46	141.html.txt	3	0.5496067227136606	2	0.4480998017184322	0	7.7473114125696E-4	5	7.028277887653853E-4	1	6.273097234406125E-4	4	1.8860691444407568E-4	
47	109.html.txt	5	0.7409345182529046	3	0.23783987418505095	1	0.020351796947087185	0	4.158712688081803E-4	2	3.5669622755100976E-4	4	1.0124311859801468E-4	
48	158.html.txt	4	0.9956236993341192	5	0.002911859645036701	3	4.6642812760557375E-4	0	3.741489870707001E-4	2	3.209106813572814E-4	1	3.029532248104886E-4	
49	Live_8_concerts_around_the_world_to__End_Poverty_Now_$AAA$.html.txt	5	0.5184367166537104	0	0.30066067166578575	3	0.14181961107038077	1	0.0386115820186851	2	3.671954257204748E-4	4	1.0422316571752955E-4	
50	183.html.txt	3	0.43166769098471924	0	0.41855952758413284	5	0.04821484672988747	2	0.04558505447539404	1	0.04303421499737212	4	0.012938665228494128	
51	18.html.txt	2	0.7949311795415922	4	0.15980736947294685	3	0.014235916754376516	0	0.011419452469592303	5	0.010359604901247894	1	0.009246476860244336	
52	130.html.txt	5	0.9775739347533863	2	0.013218826652666098	1	0.006954040097958913	3	0.0011280421515836377	0	9.048678744026665E-4	4	2.202884700023321E-4	
53	181.html.txt	1	0.7391756461384226	5	0.23572081959508248	3	0.023393736034183918	0	8.137414997092579E-4	2	6.979528159755477E-4	4	1.9810391662615905E-4	
54	Early_puberty_for_US_girls_raises_health_risk$AAA$.html.txt	0	0.5612117125087202	5	0.36472728353473693	3	0.039194450125664006	1	0.03409927996259	2	5.976417982394625E-4	4	1.6963207004939734E-4	
55	245.html.txt	0	0.530771664532827	1	0.20621374752525787	3	0.14315818298209823	2	0.11919423363699926	5	5.220712239765461E-4	4	1.4010009884103748E-4	
56	139.html.txt	3	0.5825463760079278	2	0.41540071899522246	0	6.934669169172019E-4	5	6.291057553309468E-4	1	5.615090406211757E-4	4	1.688232839802922E-4	
57	324.html.txt	5	0.5655866349662444	2	0.4257958644619485	1	0.006508622961060602	3	0.0010557892887325204	0	8.469096728090354E-4	4	2.0617864920493008E-4	
58	309.html.txt	3	0.761936995115848	5	0.22472281998384525	0	0.004582886954423181	2	0.003930780052731861	1	0.00371082223863422	4	0.0011156956545174865	
59	Class_action_launched_by_Australian_bushfire_survivors_against_SP_AusNet$AAA$.html.txt	1	0.6533514357208554	3	0.21268541500521018	0	0.09466435665931563	5	0.03917364329702868	2	9.748079050292718E-5	4	2.7668527087253018E-5	
60	Former_US_First_Lady__Lady_Bird_Johnson_dies_at_94$AAA$.html.txt	2	0.4758406245129553	0	0.43386432480108117	5	0.08468171668338445	1	0.00470171124077566	3	7.626830431602275E-4	4	1.4893971864315757E-4	
61	Kuwait_stateless_protest_for_rights$AAA$.html.txt	0	0.5600794461169126	3	0.43125702403929916	2	0.0069114721853682885	5	8.107979119125465E-4	1	7.236785767699224E-4	4	2.1758116973740293E-4	
62	208.html.txt	1	0.9835018061049007	3	0.007441997797336209	2	0.007085634176534881	0	9.162687443274764E-4	5	8.312291854509613E-4	4	2.2306399144969246E-4	
63	Wikinews_Shorts__October_31__2007$AAA$.html.txt	0	0.7983928466419333	4	0.09249848105890966	2	0.07990654065006611	5	0.027231040648091974	3	0.0011949500492168203	1	7.761409517820035E-4	
64	Female_suicide_bomber_kills_40_Shi_ite_pilgrims_at_Baghdad_shrine$AAA$.html.txt	0	0.5165324713605728	3	0.48049175023151774	5	9.579624446342996E-4	2	9.057121029271418E-4	1	8.550304438953227E-4	4	2.5707341645264984E-4	
65	107.html.txt	4	0.9937242750229054	3	0.001622723815499202	0	0.001301680657599503	5	0.0011808707428166939	2	0.0011164622681737117	1	0.0010539874930055333	
66	275.html.txt	5	0.4456220416812339	3	0.403811600199684	1	0.13712533832441062	0	0.006396962751888334	2	0.005486727871156103	4	0.001557329171627	
67	Annan_invites_Iraqis_to_exercise_democratic_rights$AAA$.html.txt	0	0.47270928796954725	3	0.38892739905937845	2	0.11713289179768006	5	0.020240497593121902	1	7.61093301121883E-4	4	2.288302791503658E-4	
68	184.html.txt	3	0.9553156830303272	5	0.04031461321979133	1	0.00343151150759776	0	4.465123122858675E-4	2	3.829773040197925E-4	4	1.0870262597795174E-4	
69	Death_toll_rises_in_Nigeria_building_collapse$AAA$.html.txt	1	0.7982675368561394	0	0.1349106746611282	5	0.06464312830889914	3	0.001156830370455634	2	7.959194577382891E-4	4	2.2591034563924984E-4	
70	Eight_dead_and_two_missing_after_cargo_ship_fire_in_Kaliningrad__Russia$AAA$.html.txt	0	0.5565495608532167	1	0.3913232370647023	3	0.05051990540694319	5	7.260315126052148E-4	2	6.864314271986633E-4	4	1.948337353339133E-4	
71	Hamshahri_newspaper_plans_cartoon_response$AAA$.html.txt	3	0.8344881337020803	0	0.09443505484863225	2	0.06967043529882033	5	6.508272377238913E-4	1	5.808965738554184E-4	4	1.7465233888786953E-4	
72	Writer_and_TV_presenter_Peaches_Geldof_dies_aged_25$AAA$.html.txt	0	0.5297202125035163	2	0.44249245935159365	5	0.01948495742534509	1	0.006954040097958913	3	0.0011280421515836377	4	2.202884700023321E-4	
73	Kenya_s_parliament_meets_for_first_time_since_disputed_election$AAA$.html.txt	3	0.45495268082485407	0	0.33526874695825754	2	0.15414794071414825	1	0.04822686073936268	5	0.007282814165036794	4	1.209565983406612E-4	
74	229.html.txt	4	0.8252755615471726	3	0.12132707856150816	0	0.014937952543638989	5	0.013551550461614718	2	0.012812405470861488	1	0.01209545141520408	
75	Ch_vez_warns_oil_prices_could_double_if_US_invades_Iran$AAA$.html.txt	0	0.6594222353493181	5	0.17985223557250926	3	0.15873659338579918	2	8.927489728064945E-4	1	8.427927020505265E-4	4	2.533940175164262E-4	
76	Italian_police_under_trial_for_events_at_2001_G8_Genoa_meeting$AAA$.html.txt	0	0.6407367217601312	3	0.35661443102272766	5	8.527167711314478E-4	2	8.062068657373473E-4	1	7.61093301121883E-4	4	2.288302791503658E-4	
77	153.html.txt	1	0.9830753216153049	3	0.0076343762268995296	2	0.007268800473067498	0	9.399546344462252E-4	5	8.527167711314478E-4	4	2.288302791503658E-4	
78	287.html.txt	3	0.8162259718854233	1	0.1639077527964594	2	0.019435857535127735	0	2.0013497536289766E-4	5	1.815603048571227E-4	4	4.872250276953498E-5	
79	274.html.txt	3	0.9985677929913848	0	3.751139435683095E-4	5	3.40299349611061E-4	2	3.217383325278816E-4	1	3.0373456244029584E-4	4	9.132082046757712E-5	
80	219.html.txt	4	0.997728716585721	3	5.872892297783692E-4	0	4.710986697288595E-4	5	4.2737566454170765E-4	2	4.040652261892391E-4	1	3.814546240407712E-4	
81	French_woman_admits_to_killing_her_eight_infants$AAA$.html.txt	0	0.8137045120160731	3	0.18342394975127974	5	9.24405452333421E-4	2	8.739854165262556E-4	1	8.250791131479412E-4	4	2.480682506395419E-4	
82	Multiple_computer_worms_released_as__botwar__rages$AAA$.html.txt	0	0.5039500878749407	5	0.3666421653202865	3	0.1279950603372095	2	6.340951080775051E-4	1	5.986125392154285E-4	4	1.7997882027034084E-4	
83	140.html.txt	3	0.8312740539482183	2	0.061859508614134195	1	0.058027912210286456	5	0.046005501738704255	0	0.0028136612540477736	4	1.9362234609168574E-5	
84	White_House_discussing_troop_withdrawals_of_up_to_50__in_Iraq$AAA$.html.txt	3	0.5792616617284491	0	0.410015237028043	2	0.00945439857497343	5	5.871162227693954E-4	1	5.240312366987411E-4	4	1.5755520906638625E-4	
85	170.html.txt	3	0.753759958604503	1	0.22725478443616443	0	0.013457220320961185	5	0.00484282883797565	2	5.337192349708426E-4	4	1.5148856542495192E-4	
86	263.html.txt	5	0.4404126166781028	3	0.28810121117883575	1	0.16501530213938917	2	0.10110903718796414	0	0.0052747778897574435	4	8.705492595066052E-5	
87	250.html.txt	1	0.8434413972906063	3	0.10329545078591304	2	0.05180648213178195	0	6.773200002300215E-4	5	6.144574455544512E-4	4	1.6489234591419923E-4	
88	306.html.txt	5	0.976399308117001	0	0.014046698051165648	3	0.0077343440720128945	2	8.167636893321014E-4	1	7.710593880662608E-4	4	2.3182668242202403E-4	
89	124.html.txt	5	0.5573786950035381	4	0.3915655604809589	1	0.03636601570617271	3	0.005899074210652877	0	0.0047319887243958934	2	0.004058665874281548	
90	69.html.txt	3	0.8555321117816231	1	0.13168822432400468	2	0.011139704328974435	0	7.625457873449197E-4	5	6.917733662835061E-4	4	1.8564041176931528E-4	
91	12.html.txt	5	0.524986349271417	1	0.24838514107054185	2	0.14861506972879152	3	0.06039094715927827	4	0.017207807209256264	0	4.14685560715161E-4	
92	Burma_introduces_military_draft$AAA$.html.txt	3	0.5259009042240703	0	0.41087563495259916	2	0.04974529023074154	1	0.012791548526613284	5	5.413487567959478E-4	4	1.452733091797304E-4	
93	TEPCA_protests_the_Taiwanese_government_on_WiMAX_in_Taiwan$AAA$.html.txt	0	0.6644614017818361	3	0.17980044915816434	5	0.1539649377027535	2	7.959194577382891E-4	1	7.513815538684904E-4	4	2.2591034563924984E-4	
94	21.html.txt	5	0.5604580480202316	3	0.20396565035176947	2	0.196078120667967	1	0.027298691523582226	0	0.012063687931025989	4	1.3580150542373694E-4	
95	114.html.txt	3	0.4607726003189433	5	0.441572340341005	1	0.07605419524907361	2	0.019906470749773083	0	0.0013626569397952616	4	3.317364014096703E-4	
96	47.html.txt	1	0.7528938067980491	2	0.1921111515630577	5	0.028863645909951868	3	0.025489470529781177	0	5.162460251661134E-4	4	1.2567917399399433E-4	
97	52.html.txt	2	0.9470769634673075	3	0.034847692146177923	0	0.015612178336548327	5	0.002169574542839129	1	2.2572502948079814E-4	4	6.786647764627193E-5	
98	35.html.txt	4	0.9474295687696389	3	0.04829785836716938	1	0.0031421251060587793	0	4.088570134447705E-4	5	3.7091070098768403E-4	2	3.506800427003998E-4	
99	248.html.txt	5	0.6131737356154097	1	0.36885965225952505	3	0.016742908668574176	0	5.823952014142647E-4	2	4.995251821161454E-4	4	1.417830729607239E-4	
100	France_draw_with_Switzerland_in_Group_G$AAA$.html.txt	4	0.7983285791168305	0	0.19432369397584212	3	0.005579184213616513	5	6.231634133277079E-4	2	5.891740837165649E-4	1	5.562051966664717E-4	
101	1.html.txt	4	0.7412581321166944	1	0.17386822296112164	2	0.06121589502656725	5	0.01790763089075731	3	0.005119766491685234	0	6.303525131740089E-4	
102	Tameside_Council_seek_to_ban_English_Defence_League_rally$AAA$.html.txt	0	0.537874106315572	3	0.4415518445479834	4	0.012280980637270782	2	0.006786367579937439	5	7.961216533480233E-4	1	7.105792658883384E-4	
103	70.html.txt	5	0.6394148040221542	2	0.2286155004619282	3	0.12773602171073797	0	0.0037342960747810986	1	3.8394180410496203E-4	4	1.154359262935673E-4	
104	Conservatives_win_majority_in_2015_UK_general_election$AAA$.html.txt	2	0.7733492830632168	0	0.19544871100554795	3	0.030661728923793295	5	2.500234323814257E-4	1	2.2315869225430005E-4	4	6.709488280623341E-5	
105	Niece_of_Scientology_s_leader_goes_public_with_criticism$AAA$.html.txt	0	0.6053522925585294	2	0.18626881642068674	3	0.14363065112217469	5	0.06228279812063571	1	0.0023897401437361094	4	7.570163423723921E-5	
106	Greek_court_rules_worship_of_ancient_Greek_deities_is_legal$AAA$.html.txt	3	0.548745829723856	0	0.4369750358523177	1	0.011320711881746524	5	0.0013363481841132195	2	0.0012634594715642518	4	3.5861488640238464E-4	
107	313.html.txt	2	0.9091702422405193	3	0.02691516645663655	0	0.021590212233310244	5	0.019586409161626676	1	0.01748187125036431	4	0.005256098657542894	
108	11.html.txt	1	0.9971707171617349	3	8.28931560235486E-4	0	6.649339635780062E-4	5	6.032209658415288E-4	2	5.703193612257301E-4	4	1.6187698738435148E-4	
109	Deadly_flash_flooding_hits_northwestern_Turkey$AAA$.html.txt	1	0.5355324902146557	0	0.45449420576686933	3	0.007996105278912815	5	8.931198663012122E-4	2	8.444062466169833E-4	4	2.3967262664397544E-4	
110	Dominique_Strauss-Kahn_refused_bail_after_appearance_in_New_York_court$AAA$.html.txt	3	0.6511760449626948	0	0.31743014943061204	2	0.03044255729124105	5	4.4020819986855057E-4	1	3.9290831769887857E-4	4	1.1813179788470734E-4	
111	202.html.txt	3	0.6259596179443243	1	0.1489959451366526	2	0.12251938254973078	5	0.10215651892046955	0	2.9638182273648383E-4	4	7.215362608626393E-5	
112	300.html.txt	1	0.6878831103391485	3	0.2692780520328895	5	0.04216531126730333	0	3.205503084859574E-4	2	2.749386513401869E-4	4	7.803740083242702E-5	
113	African_Union_peacekeepers_come_under_attack_in_Mogadishu$AAA$.html.txt	3	0.8107294922338473	0	0.17069538690027042	2	0.016377407268319797	5	0.001017033650303767	1	9.0775451412156E-4	4	2.729254331371079E-4	
114	60.html.txt	1	0.9806528739199541	3	0.0091369206277208	5	0.00893011878544722	0	6.092295712898345E-4	2	5.225412431456923E-4	4	1.4831585244222354E-4	
115	20.html.txt	2	0.6752235699093497	5	0.2137990008872097	0	0.06386820158764628	3	0.03513132564530896	1	0.011875782886317044	4	1.0211908416822524E-4	
116	43.html.txt	3	0.795712336967344	5	0.1708402111518989	2	0.03238751566586727	0	5.162460251661134E-4	1	4.1801101572972387E-4	4	1.2567917399399433E-4	
117	221.html.txt	3	0.7460250386845585	5	0.21908629678740676	2	0.03425429099286962	0	3.089740791936016E-4	1	2.501802675116293E-4	4	7.521918845982771E-5	
118	83.html.txt	2	0.8883735984965195	3	0.10525926469954992	0	0.005620224028589853	5	3.456480531429502E-4	1	3.085085537180871E-4	4	9.275616847963833E-5	
119	33.html.txt	5	0.9147297505650595	3	0.0832675770951843	0	0.001611631312571101	2	1.7552175099642741E-4	1	1.6569993950918004E-4	4	4.9819336679475334E-5	
120	UK_government_s_Information_Commissioner_takes_enforcement_action_against_Liberal_Democrat_party_for_cold_calling_voters$AAA$.html.txt	3	0.40363820708588727	0	0.39285136507719753	2	0.1755077884997891	5	0.027191045742459605	1	6.239859929027823E-4	4	1.876076017636577E-4	
121	Lightning_strikes_kill_three_in_Mumbai$AAA$.html.txt	0	0.6480285574568161	1	0.3486777631847659	3	0.0012614577998121912	5	9.179742078524188E-4	2	8.6790495272942E-4	4	2.4634239802388466E-4	
122	116.html.txt	5	0.7780718324409248	2	0.09583237133819737	4	0.08822019823579906	3	0.015448863611306271	0	0.012392427320445688	1	0.010034307053326853	
123	Three_injured_in_Gaza_after_Israeli_airstrikes$AAA$.html.txt	0	0.527463845956542	3	0.4699043153303596	5	8.472413943126971E-4	2	8.010301335172002E-4	1	7.56206247461217E-4	4	2.273609378071368E-4	
124	98.html.txt	3	0.6713914454769897	2	0.16527451664678686	5	0.16249928170731753	0	4.065712145002325E-4	1	3.2920591744028276E-4	4	9.897903696533562E-5	
125	253.html.txt	5	0.5353210832214992	1	0.2694712715603944	2	0.1907376492159039	3	0.0038765201123680507	0	4.7728235246066074E-4	4	1.161935373737067E-4	
126	One_dead_after_car_and_truck_crash_in_North_Lincolnshire__England$AAA$.html.txt	0	0.6512745584036592	1	0.34510425012886514	3	0.0013868928101898141	5	0.0010092543951924168	2	9.542064261267966E-4	4	2.7083783596653716E-4	
127	142.html.txt	4	0.8348528447567489	3	0.09646859509892423	0	0.06644610044361213	5	7.8662913378412E-4	2	7.437238599216187E-4	1	7.021067070089476E-4	
128	Pakistani_general_election_likely_to_be_postponed$AAA$.html.txt	0	0.4825542293526858	3	0.44485663002022713	2	0.07104573280200048	5	7.142412441712652E-4	1	6.374968157391988E-4	4	1.91669765176016E-4	
129	Maria_Lourdes_Sereno_becomes_the_first_female_Philippine_Chief_Justice$AAA$.html.txt	0	0.5053692487314804	5	0.42236677502021347	3	0.07034374934093446	2	8.619085100060318E-4	1	8.136780037783117E-4	4	2.4464039358728496E-4	
130	26.html.txt	4	0.6071931553806388	2	0.24982145197722858	5	0.08154180670871579	3	0.05163638685933258	1	0.009370080335694423	0	4.3711873838978314E-4	
131	39.html.txt	5	0.5506578732029952	3	0.28111581997418494	2	0.11998107946306498	1	0.04730688035068469	0	7.54632960807266E-4	4	1.837140482629036E-4	
132	Britney_Spears_fired_by_management_company$AAA$.html.txt	0	0.509010563762907	5	0.48774930795098015	3	0.0012792578242521884	2	8.801516797879694E-4	1	8.309003258675229E-4	4	2.498184562052091E-4	
133	9.html.txt	4	0.8209490659766121	2	0.09102069737133482	1	0.05044605144735914	5	0.03502156354307401	0	0.002212409432563614	3	3.5021222905631263E-4	
134	178.html.txt	1	0.9871093853173493	2	0.007568480419879417	3	0.004207921399165663	0	5.180849231132949E-4	5	4.7000109007316936E-4	4	1.2612685041917682E-4	
135	Herman_Van_Rompuy_named_as_first_permanent_EU_President$AAA$.html.txt	3	0.5081396545814864	0	0.409207244555386	5	0.06793649549829046	2	0.014028898808294806	1	5.287366254857482E-4	4	1.5896993105652158E-4	
136	177.html.txt	1	0.7727388763200742	3	0.21062467596968135	5	0.015490734885289808	0	5.452772466342575E-4	2	4.676888052431271E-4	4	1.327467730771622E-4	
137	_I_wanna_tell_you_a_story___English_entertainer_Max_Bygraves_dies_at_age_89$AAA$.html.txt	2	0.5104591939363575	0	0.4271200607031851	5	0.05159970364275385	1	0.009816455141063926	3	8.404585531340602E-4	4	1.6412802350546614E-4	
138	54.html.txt	2	0.8681492336600878	3	0.1189804266902324	1	0.011078699507703954	0	0.0015632430007351662	5	1.8007360175755478E-4	4	4.832353948324189E-5	
139	174.html.txt	3	0.8110821589800219	2	0.15593169303024895	1	0.018108297095256836	4	0.014381388114056277	0	2.6031122593365064E-4	5	2.3615155448239921E-4	
140	Church_of_Scientology_blames_Pearl_Harbor__9_11_on_psychiatry$AAA$.html.txt	0	0.6215822007206427	3	0.26298851737961126	5	0.10690935717531914	2	0.008121788880665214	1	3.061029453809684E-4	4	9.203289838056124E-5	
141	203.html.txt	5	0.774569756867478	3	0.1411521351466404	1	0.07312573740923757	2	0.01027756749635392	0	7.035299651637406E-4	4	1.7127311512636206E-4	
142	225.html.txt	2	0.7230631377639899	5	0.18530671813257726	3	0.09110874762687701	0	2.5394816666920517E-4	1	2.0562508168065527E-4	4	6.182322820598037E-5	
143	217.html.txt	5	0.9875926952615912	3	0.003720357280282159	0	0.0029843138215192855	2	0.0025596706524471683	1	0.002416437107458848	4	7.265258767013631E-4	
144	84.html.txt	2	0.968224819959813	3	0.031040089621220786	0	2.4831197122040404E-4	5	2.2526595919929109E-4	1	2.0106138206931875E-4	4	6.045110647730244E-5	
145	Time_for_North_Americans_to_spring_ahead_one_hour$AAA$.html.txt	0	0.7826286683722934	3	0.1027185560756786	1	0.08631283764828225	5	0.027482269213161322	2	6.68051760550226E-4	4	1.8961693003418916E-4	
146	28.html.txt	5	0.5525822071063959	1	0.32182108987654034	3	0.12433771059757431	0	5.991902203414984E-4	2	5.13930408786794E-4	4	1.4587179036113206E-4	
147	265.html.txt	2	0.5863079188525567	3	0.2653775625070786	5	0.13948845627620146	0	0.008416208390976242	1	3.1511231740225757E-4	4	9.47416557846301E-5	
148	285.html.txt	2	0.9994090752495471	0	4.1992522424685365E-4	3	6.647185039798641E-5	5	4.8372164508920386E-5	1	4.3174629155769E-5	4	1.2980882143312928E-5	
149	303.html.txt	3	0.48545985980121176	5	0.19098668174562194	2	0.16573781225363915	1	0.10965447610116265	4	0.04775345918815459	0	4.077109102099656E-4	
150	104.html.txt	5	0.607796400126396	3	0.2638583804084103	2	0.128007310124342	0	1.645800489035066E-4	1	1.332625726055048E-4	4	4.0066719342639565E-5	
151	Armstrong_will_compete_in_2005_Tour_de_France$AAA$.html.txt	0	0.9139714951762099	4	0.06705977409227677	2	0.015769650994540557	3	0.0013457193671585642	5	9.792921096868725E-4	1	8.740682601272547E-4	
152	Australia_Votes_2007__Analysts_say_Rudd_wins_TV_debate$AAA$.html.txt	5	0.40061676422376385	3	0.2603893367862622	0	0.22650675053158448	2	0.11208901261462792	1	3.061029453809684E-4	4	9.203289838056124E-5	
153	123.html.txt	4	0.8519564771969417	3	0.03827984034669063	0	0.03070647468124791	5	0.027856584757890518	2	0.026337197353356278	1	0.024863425663872844	
154	Iran_demands_that_IAEA_end_surveillance_of_its_nuclear_program$AAA$.html.txt	3	0.6774367601209541	0	0.3175411888714687	1	0.003981557342674068	5	4.7000109007316936E-4	2	4.443657244107559E-4	4	1.2612685041917682E-4	
155	224.html.txt	2	0.6332424401633732	3	0.1918083325044563	1	0.11771471899833064	5	0.054665964188980565	4	0.002252177322519176	0	3.16366822340116E-4	
156	261.html.txt	0	0.9284323139011915	2	0.044420288757313325	1	0.025441807146270288	3	0.0014939458305406057	5	1.6686532429136458E-4	4	4.477904039279551E-5	
157	Austrian_cellist__conductor_Heinrich_Schiff_dies$AAA$.html.txt	4	0.5067022294497386	0	0.34231163733615433	2	0.1412126101992023	3	0.004749271022965179	5	0.004550783269235564	1	4.734687227038909E-4	
158	Switzerland_lifts_ban_on_motor_racing$AAA$.html.txt	0	0.9261101818620247	5	0.05968607416510724	3	0.011498504701866821	2	0.00121426730368553	1	0.0011463195736508053	4	3.446523936649848E-4	
159	British_airport_closed_after_small_jet_transporting_transplant_organ_crashes$AAA$.html.txt	1	0.7796076810995228	0	0.21880224789404468	3	6.089868669799396E-4	5	4.4316523064954436E-4	2	4.189935787608216E-4	4	1.189253300421354E-4	
160	160.html.txt	4	0.5120162204496245	5	0.46946464908867913	0	0.008256257648133107	2	0.008107085227737178	3	0.0013069201170714075	1	8.488674687545856E-4	
161	Nottingham_Express_Transit_extensions_get_Government_approval$AAA$.html.txt	5	0.508417125956437	0	0.2015425884376415	1	0.12409910348186994	3	0.1216839298120915	2	0.04416593149149255	4	9.132082046757712E-5	
162	2.html.txt	5	0.6098980772870911	2	0.18815381593173855	1	0.10611529753702152	0	0.09456344999312608	3	0.0010619730188816694	4	2.073862321410384E-4	
163	132.html.txt	3	0.7112287638773469	5	0.28735875412542855	0	4.852440477260063E-4	2	4.1619783391500296E-4	1	3.9290831769887857E-4	4	1.1813179788470734E-4	
164	157.html.txt	5	0.9891509366286316	3	0.003253115221145852	0	0.002609511932876521	2	0.0022381999720104003	1	0.0021129552198867964	4	6.352810254487947E-4	
165	61.html.txt	1	0.856612486505309	2	0.09337055838417643	3	0.030673013590065894	5	0.01426908017561837	0	0.0049924656988322436	4	8.239564599809891E-5	
166	Bi-directional_Censorship_from_the_Great_Firewall_of_China$AAA$.html.txt	3	0.4120081494365152	2	0.40728577594586707	0	0.16602307938982108	5	0.013998362403684909	1	5.263734156289445E-4	4	1.5825940848271077E-4	
167	193.html.txt	5	0.9442687689631724	0	0.0459050022510653	3	0.0038795624577441855	2	0.002669206589392527	1	0.002519843654071391	4	7.576160845542558E-4	
168	Former_NFL_quarterback_Steve_McNair_shot_dead$AAA$.html.txt	0	0.7124170089237479	3	0.13832228773416946	1	0.07420250600442312	4	0.07379825573696817	5	6.476327841005814E-4	2	6.123088165906323E-4	
169	UK_documentary_claims_fire_weakened_RMS_Titanic$AAA$.html.txt	1	0.6036684227905227	0	0.38597111294804204	3	0.0091369206277208	5	5.526865381265212E-4	2	5.225412431456923E-4	4	1.4831585244222354E-4	
170	129.html.txt	3	0.7427909506163368	5	0.10661541679413772	2	0.08608643812332863	1	0.06427525224600925	0	1.8653146721256747E-4	4	4.5410752975037404E-5	
171	138.html.txt	1	0.5975201053937227	5	0.23047821372688113	3	0.13141930309814676	4	0.030866699080191694	2	0.008603171737183087	0	0.0011125069638745237	
172	280.html.txt	1	0.9134980749852072	2	0.0387520194198594	3	0.03549525266984403	0	0.008622640376561377	5	0.0035726757731143733	4	5.933677541363205E-5	
173	U.S._Senator_Tim_Johnson_hospitalized$AAA$.html.txt	0	0.40022803023096953	2	0.3552390431361204	3	0.2387632248489925	5	0.005081995227375215	1	5.287366254857482E-4	4	1.5896993105652158E-4	
174	255.html.txt	1	0.8551291902374101	2	0.1265169892133326	5	0.017821791672358745	3	2.6635513918089296E-4	0	2.1365886752412822E-4	4	5.2014870193498016E-5	
175	298.html.txt	1	0.8738260637406313	3	0.12519886519290485	0	3.2412200602719354E-4	5	2.940400103404864E-4	2	2.780021258681659E-4	4	7.890692422797183E-5	
176	Queen_Elizabeth_II_to_visit_the_United_States$AAA$.html.txt	3	0.7619112472320433	0	0.15307442775559282	2	0.08320672991845574	5	8.36498913537941E-4	1	7.466180343148415E-4	4	2.244781460553185E-4	
177	Duke_upset_by_FSU$AAA$.html.txt	0	0.5524743469242301	4	0.4059640785713376	3	0.032847902717864114	2	0.007130554838715303	5	8.36498913537941E-4	1	7.466180343148415E-4	
178	Miss_Georgia_relinquishes_crown_after_12_hours$AAA$.html.txt	0	0.5748665597069235	2	0.3991937567395626	4	0.01914905964380606	3	0.0056056588897693185	5	6.261204853522993E-4	1	5.588445345862187E-4	
179	53.html.txt	2	0.9218016455304456	1	0.07662841307770875	3	5.760934077280469E-4	0	4.6211785311075414E-4	5	4.192283639507316E-4	4	1.1250176705602633E-4	
180	311.html.txt	4	0.7890257147126256	2	0.17171277722988282	5	0.028058781297004717	3	0.008018714195554267	0	0.002887168243544378	1	2.9684432138819166E-4	
181	75.html.txt	1	0.6187212304681591	5	0.3117307835155364	3	0.06887297197758793	0	3.212583366913399E-4	2	2.755459329891054E-4	4	7.82097690361111E-5	
182	73.html.txt	5	0.413626869577203	4	0.3783506880758097	3	0.06625566813740365	0	0.053147504736817265	2	0.04558505447539404	1	0.04303421499737212	
183	328.html.txt	5	0.5416288062183561	2	0.3308467463120838	3	0.11576897336011607	0	0.011415636090933746	1	2.612812185801247E-4	4	7.855679993018744E-5	
184	Fundosa_ONCE_defeats_Servigest_Burgos_80-20_in_Spain_s_top_wheelchair_basketball_league$AAA$.html.txt	0	0.6695656247214408	4	0.3254154131751954	3	0.0016373777174231363	5	0.001191534519292271	2	0.0011265444081061669	1	0.0010635054585422658	
185	200.html.txt	0	0.4502156251221035	1	0.26442166068299167	3	0.2499561066793999	4	0.03144136809474228	5	0.0020382048217830848	2	0.0019270345989796241	
186	192.html.txt	5	0.9571083393514511	1	0.03777390795194485	3	0.004769183271232778	0	1.658940812981029E-4	2	1.422887258878362E-4	4	4.038661818525258E-5	
187	Los_Angeles_City_Council_to_sue_police_officer_accused_of_filing_a_false_report$AAA$.html.txt	0	0.5016521554797871	1	0.30475017255419967	3	0.19185622360000365	5	7.8662913378412E-4	2	7.437238599216187E-4	4	2.1109537230373364E-4	
188	Evan_O_Dorney_wins_2007_US_National_Spelling_Bee_competition$AAA$.html.txt	0	0.4906231384985578	4	0.48458168149653796	2	0.017006677562504218	1	0.006083539118882651	3	9.86834769463269E-4	5	7.181285540539997E-4	
189	7.0_magnitude_earthquake_strikes_off_Japanese_coast$AAA$.html.txt	1	0.5016659289790603	0	0.4951723705593958	3	0.0012109107395930864	5	8.811906566541073E-4	2	8.331276942935018E-4	4	2.3647137100317434E-4	
190	14.html.txt	0	0.5219510394136165	3	0.4740978617038541	5	0.0012719375657943583	2	0.001202562014784844	1	0.001135269286995332	4	3.413300149548632E-4	
191	Germany_to_drop__lese_majeste__law$AAA$.html.txt	3	0.526338447341067	0	0.4714185776487362	5	7.22058409426792E-4	2	6.826750298001728E-4	1	6.444740352699579E-4	4	1.937675356997659E-4	
192	207.html.txt	5	0.9218406759506953	3	0.02343624311480034	0	0.018799566542351105	2	0.016124543742750897	1	0.01522224970762361	4	0.004576720941778805	
193	Sevilla_wins_third_consecutive_Europa_League_title__beating_Liverpool_3-1$AAA$.html.txt	4	0.6474133062175035	0	0.3503522702943123	3	7.289545438861844E-4	5	5.304667901565695E-4	2	5.015334314375219E-4	1	4.734687227038909E-4	
194	Santorum_neologism_spreads_to_Romney$AAA$.html.txt	2	0.6486440287266999	0	0.309750059613943	5	0.03532594106758587	3	0.003177835017072623	4	0.0027853279048011756	1	3.16807669897449E-4	
195	325.html.txt	3	0.5638315512380941	5	0.4029279152467606	0	0.011419452469592303	2	0.009794558850566869	1	0.009246476860244336	4	0.002780045334741777	
196	237.html.txt	3	0.6440465354833803	5	0.2050465882754673	1	0.12830450936164864	0	0.017659984716839314	2	0.0047915389526789745	4	1.508432099854668E-4	
197	Man_eats_dog_to_protest_animal_cruelty$AAA$.html.txt	0	0.7622584574403666	2	0.13544105218590377	5	0.10034136107735489	3	0.0010619730188816694	1	6.897700453519713E-4	4	2.073862321410384E-4	
198	68.html.txt	1	0.8898848426051441	2	0.06256705618687121	5	0.025366227501690323	3	0.021433729572747223	0	6.016689104904056E-4	4	1.464752230566215E-4	
199	Oral_Roberts_University_reportedly_owes_over__50_million$AAA$.html.txt	0	0.8348497258690102	5	0.0927968381278679	3	0.07022758060969643	2	9.542064261267966E-4	1	9.008111313320895E-4	4	2.7083783596653716E-4	
200	305.html.txt	5	0.8240382532494683	3	0.17471188902214083	0	4.293761084372642E-4	2	3.6827944021963364E-4	1	3.476713320169081E-4	4	1.0453084771701078E-4	
201	UK_to_ban_export_of_lethal_injection_drugs_to_US$AAA$.html.txt	0	0.8084945560762741	3	0.17984871124777144	2	0.00544049548371254	1	0.005406729232258257	5	6.382348448572556E-4	4	1.7127311512636206E-4	
202	Half_of_life_could_go_extinct_by_century_s_end__warn_eminent_biologists$AAA$.html.txt	0	0.6200277393319655	5	0.305436149707387	2	0.07347333304401368	3	5.760934077280469E-4	1	3.7418274184970035E-4	4	1.1250176705602633E-4	
203	218.html.txt	2	0.8782776647521625	3	0.12084314966646413	0	2.9698700887214783E-4	5	2.6942343171981324E-4	1	2.404741832099009E-4	4	7.230095757151536E-5	
204	Water_level_rising_in_Chinese_rivers__further_flooding_expected$AAA$.html.txt	0	0.5867923579508567	1	0.4102252026877592	3	0.0011422549026423462	5	8.312291854509613E-4	2	7.858912818410183E-4	4	2.2306399144969246E-4	
205	195.html.txt	1	0.8731137075589221	3	0.1170894881658304	0	0.0078061310634451936	5	8.992064162289811E-4	2	8.501608166061597E-4	4	2.4130597896702868E-4	
206	21_sites_added_to_Unesco_World_Heritage_list$AAA$.html.txt	0	0.5473350214609403	5	0.384631456394886	1	0.04629845666248919	3	0.02069329580272914	2	8.114509434169356E-4	4	2.3031873553830398E-4	
207	38.html.txt	4	0.6729825377188042	3	0.1834877167099028	2	0.11539135193323828	1	0.026691659467545016	0	7.585687394528188E-4	5	6.881654310567328E-4	
208	278.html.txt	2	0.659247513774809	3	0.25825844375323287	5	0.079631979418136	0	0.002524471964417291	1	2.595536885723741E-4	4	7.803740083242702E-5	
209	131.html.txt	5	0.7617965246641449	1	0.16592389435086796	3	0.02691516645663655	0	0.021590212233310244	2	0.018518103637497407	4	0.005256098657542894	
210	Murat_Kurnaz_describes_systematic_torture_in_Guantanamo$AAA$.html.txt	3	0.5038216232923229	0	0.48955105698097706	5	0.005320881923296163	2	5.864045838669163E-4	1	5.535906719425998E-4	4	1.6644254759427604E-4	
211	150.html.txt	3	0.9919696748969812	5	0.007074062241055132	0	3.2851453168327127E-4	2	2.817696314605434E-4	1	2.6600242205586426E-4	4	7.997627676395628E-5	
212	172.html.txt	1	0.4800666809593636	5	0.30495652129154077	3	0.19416593424630565	2	0.017928116580972393	0	0.0023183489943926993	4	5.643979274248704E-4	
213	0.html.txt	4	0.599990632282679	2	0.12558094463620056	3	0.09573579912414343	1	0.09422020391634219	5	0.08426515507643927	0	2.072649641955622E-4	
214	42_West_Papuan_asylum_seekers_get_temporary_Australian_visas$AAA$.html.txt	3	0.7663157602372628	0	0.13349313126658585	1	0.04506260427492483	5	0.04227641034328261	2	0.012802414338586749	4	4.967953935714033E-5	
215	Forest_fire_in_Chalkidiki_peninsula_causes_political_tension_in_Greece$AAA$.html.txt	1	0.6832274075605196	3	0.2080229233412638	0	0.09033092322435406	5	0.017522689141260806	2	6.979528159755477E-4	4	1.9810391662615905E-4	
216	Wikinews_interviews_New_York_bar_owner_on_Santorum_cocktail$AAA$.html.txt	2	0.8147075806452259	0	0.1798311910730375	5	0.004934245706964839	3	2.856581629727819E-4	1	1.8553997185012444E-4	4	5.57844399489936E-5	
217	100.html.txt	4	0.9979051339905514	3	5.41672711315308E-4	0	4.345070210556496E-4	5	3.9418011300811827E-4	2	3.726802664178871E-4	1	3.5182589765165873E-4	
218	Funeral_of_Pope_John_Paul_II_takes_place$AAA$.html.txt	0	0.7026004141712551	3	0.15795547723915532	5	0.12335506719026229	2	0.015337200945330037	1	5.780453607260932E-4	4	1.737950932711509E-4	
219	148.html.txt	1	0.5531117471551263	2	0.42567792500937635	3	0.01324124216457101	0	0.006953191718285076	5	8.009543467225249E-4	4	2.149396059186467E-4	
220	29.html.txt	5	0.40258163680649967	1	0.38639053869784434	3	0.15120491832710256	2	0.04153624570253988	0	0.014630697676518338	4	0.0036559627894951936	
221	279.html.txt	1	0.7196566669576056	2	0.2785114792775646	3	6.722027225485655E-4	0	5.392126950808428E-4	5	4.891679783815429E-4	4	1.3127036881887874E-4	
222	321.html.txt	5	0.6296324445919995	3	0.3657316213014385	0	0.0041042568432091645	2	2.3864739948246147E-4	1	2.2529321542075927E-4	4	6.773664844957017E-5	
223	63.html.txt	3	0.9975068352621838	0	6.529927944369048E-4	5	5.923880651669837E-4	2	5.600773216701099E-4	1	5.287366254857482E-4	4	1.5896993105652158E-4	
224	Israel_to_end_Lebanon_blockade$AAA$.html.txt	3	0.7030539685265813	0	0.21835794048514867	1	0.07614853113540755	5	0.0011019728700134555	2	0.0010418677381967265	4	2.9571924465226346E-4	
225	251.html.txt	5	0.8969379370014414	0	0.059251255302534736	3	0.03008050124602255	2	0.013088689614126743	1	4.933009834322775E-4	4	1.4831585244222354E-4	
226	186.html.txt	4	0.42971595684333774	5	0.2389768449346925	2	0.2374574575301583	3	0.03827984034669063	0	0.03070647468124791	1	0.024863425663872844	
227	Tensions_rise_between_North_Korea_and_United_States$AAA$.html.txt	3	0.6644546755706292	0	0.2859820018741083	1	0.048558617075716626	5	4.538352192975739E-4	2	4.2908159203393565E-4	4	1.2178866821434014E-4	
228	Portugal_beat_Iran_2-0_in_Group_D$AAA$.html.txt	4	0.8359623666354129	0	0.14814491666838941	1	0.013934995456702692	3	8.104068435869608E-4	5	5.897403626111613E-4	2	5.575740332967595E-4	
229	55.html.txt	1	0.8192205249656124	3	0.09133335259217547	2	0.05853839042088584	5	0.027791968702772365	0	0.00309791395934819	4	1.7849359205901173E-5	
230	206.html.txt	1	0.4084462378446877	4	0.3783506880758097	3	0.06625566813740365	0	0.053147504736817265	5	0.04821484672988747	2	0.04558505447539404	
231	127.html.txt	4	0.4642251252991333	5	0.37748220706042773	2	0.12509476838752162	1	0.023547740943249754	3	0.009228255316575134	0	4.219029930924309E-4	
232	Indian_space_agency_launches_five_foreign_satellites$AAA$.html.txt	5	0.5386905200431826	0	0.42157698547887046	3	0.03825208453124426	2	6.644933088179E-4	1	6.273097234406125E-4	4	1.8860691444407568E-4	
233	Iraqi_PM__Russian_leaders_discuss_energy_deals$AAA$.html.txt	3	0.4993143542586297	0	0.3268554106074774	5	0.17281120377912465	2	4.574000047942032E-4	1	4.3180490563497623E-4	4	1.2982644433908285E-4	
234	13.html.txt	5	0.5863813091686142	2	0.35355761159773436	0	0.058763261619157396	3	7.034999132381854E-4	1	4.569354950000669E-4	4	1.3738220625572332E-4	
235	UN_Security_Council_calls_for_release_of_British_soldiers_in_Iran$AAA$.html.txt	3	0.6863156214371471	0	0.31183590771150016	5	5.950596492301083E-4	2	5.626031889768214E-4	1	5.311211508084179E-4	4	1.5968686233738203E-4	
236	288.html.txt	1	0.8434433897275687	2	0.07871278207543818	3	0.0429650593882513	5	0.03462956842732257	0	2.0041074341043202E-4	4	4.8789638008817276E-5	
237	67.html.txt	4	0.9307786042258874	2	0.054764696225318925	5	0.01071183323234694	3	0.0030624980591819053	0	3.770588661281711E-4	1	3.05309391136559E-4	
238	UK_sending_additional_500_troops_to_Afghanistan$AAA$.html.txt	3	0.590542359437588	0	0.40737427817266386	5	6.706759221847801E-4	2	6.340951080775051E-4	1	5.986125392154285E-4	4	1.7997882027034084E-4	
239	Holland_park_introduces_special_trail_for_elderly_and_impaired$AAA$.html.txt	0	0.7795017083418279	5	0.13790118430447393	4	0.050710530315078155	1	0.02968047310216373	3	0.0013069201170714075	2	8.991838193848914E-4	
240	European_airspace_closed_by_volcanic_ash$AAA$.html.txt	1	0.4840646210134995	0	0.36794887490954753	3	0.11315025209992885	5	0.03048680009602096	4	0.0038817630757599507	2	4.676888052431271E-4	
241	95.html.txt	5	0.413626869577203	2	0.4109970773227096	3	0.06625566813740365	0	0.053147504736817265	1	0.04303421499737212	4	0.012938665228494128	
242	103.html.txt	4	0.9913964936903815	2	0.005688120102692008	3	9.169656395238608E-4	0	7.355511919225633E-4	5	6.672841586100815E-4	1	5.955852168698541E-4	
243	99.html.txt	3	0.8589684243416102	2	0.13353693984875367	1	0.006811272611514501	0	3.177491317157901E-4	5	2.8825860706154194E-4	4	7.735545934421411E-5	
244	301.html.txt	3	0.7062164910498928	1	0.28354521825886986	0	0.003403295853263366	5	0.003087433525884498	2	0.0029190350071020797	4	8.285263049874268E-4	
245	252.html.txt	5	0.6665334375468105	2	0.22775635244261053	3	0.09900717807153193	0	0.0059123841398673	1	6.078820178593582E-4	4	1.8276578132037525E-4	
246	87.html.txt	2	0.5080799778866645	4	0.47375556862382945	3	0.005713198364948909	0	0.004582886954423181	5	0.004157545931499676	1	0.00371082223863422	
247	Car_bomb_kills_15_in_Pakistani_anti-terror_unit$AAA$.html.txt	3	0.6374965386432709	0	0.3563126537226114	2	0.004938817726685501	5	5.793820755859547E-4	1	5.171281150404245E-4	4	1.55479716805775E-4	
248	6.2_Magnitude_Earthquake_hits_central_Italy$AAA$.html.txt	1	0.5265723395423911	0	0.47077894555409444	3	0.0010144406030227193	5	7.382175678899086E-4	2	6.979528159755477E-4	4	1.9810391662615905E-4	
249	91.html.txt	2	0.9765605735694081	3	0.02027959956129558	5	0.002500231775494181	0	3.212583366913399E-4	1	2.601269880746841E-4	4	7.82097690361111E-5	
250	171.html.txt	2	0.8310017138364908	1	0.0797132083312571	3	0.05721355706906942	5	0.028723828112600998	4	0.002935358337326577	0	4.12334313255065E-4	
251	Explosion_and_fire_kill_three_at_Indian_petrochemical_plant$AAA$.html.txt	0	0.6855772456529974	1	0.17205758250414124	5	0.1395829881586629	3	0.001477290777480125	2	0.0010164018032052956	4	2.884911035130975E-4	
252	59.html.txt	1	0.8797759489397483	4	0.08634357757583981	5	0.024219682931852633	3	0.0038795624577441855	0	0.003112021505422516	2	0.002669206589392527	
253	Australia_defeat_Nigeria_in_international_football__soccer__friendly$AAA$.html.txt	4	0.5795742914361294	0	0.4132142167812821	3	0.005475739860435052	5	6.116092624429407E-4	2	5.782501332485745E-4	1	5.458925264619446E-4	
254	US_marines_may_face_death_penalty_for__massacre__of_civilians_in_Iraq$AAA$.html.txt	3	0.6084983085113724	0	0.3382322354463918	1	0.052109097757458075	5	5.241451025766175E-4	2	4.955565489572568E-4	4	1.4065663324383645E-4	
255	102.html.txt	5	0.816643568713273	3	0.1179253868628478	1	0.0397537883832669	0	0.02443317998939881	2	9.690305888456624E-4	4	2.7504546236776616E-4	
256	322.html.txt	5	0.7879185405815389	3	0.11826275165433871	0	0.07900163337321442	2	0.013820711723631543	1	7.660439317380674E-4	4	2.3031873553830398E-4	
257	19.html.txt	2	0.9228814269388904	3	0.037105697392132486	4	0.03540386630519106	0	0.0016964208567576476	5	0.00153897482116961	1	0.0013736136858587475	
258	233.html.txt	5	0.7008568117404393	3	0.15604716748737432	2	0.10405996545089674	1	0.037703667463956515	0	0.001071526614358996	4	2.6086124297400136E-4	
259	122.html.txt	4	0.5682835432176918	5	0.41377876917157	3	0.005713198364948909	0	0.004582886954423181	2	0.003930780052731861	1	0.00371082223863422	
260	25.html.txt	4	0.613096511305642	2	0.17712649097742242	5	0.13437987816517363	1	0.0687631872041672	0	0.006116969810441341	3	5.1696253715339E-4	
261	71.html.txt	5	0.6067214760212689	2	0.15054300038123175	3	0.1333617275801822	1	0.08832647834028295	0	0.020986135395582927	4	6.11822814512226E-5	
262	78.html.txt	1	0.9921400273418198	3	0.0023028377760028946	0	0.0018472394143610193	5	0.0016757958003459268	2	0.0015843925269817805	4	4.4970714048856917E-4	
263	Bar_a_defeats_Gary_Neville_s_Valencia_7-0_in_Copa_del_Rey_semis_first_leg$AAA$.html.txt	4	0.5902208154189467	0	0.39594444650442595	2	0.011501507093821795	3	9.814929228951236E-4	5	7.142412441712652E-4	1	6.374968157391988E-4	
264	74.html.txt	1	0.39859320466258086	0	0.36700079294426824	5	0.128299491158584	2	0.10438285983977504	3	0.0014420435142785666	4	2.8160788051337154E-4	
265	Wild_Canadian_Goose_tests_positive_for_H5N1_in_England$AAA$.html.txt	0	0.9809101546051721	1	0.015602044276193817	3	0.0013358051730354265	5	9.720774612871898E-4	2	9.190572413374697E-4	4	2.6086124297400136E-4	
266	294.html.txt	3	0.7696777135220222	1	0.2294722399109995	0	2.8256278745374927E-4	5	2.563379326294999E-4	2	2.423564402991708E-4	4	6.87894065958202E-5	
267	17.html.txt	2	0.7263754910101285	4	0.15707780654567	1	0.06480346180064349	5	0.036811320087587356	0	0.014423652879122199	3	5.082676768483777E-4	
268	Bombing_on_train_from_India_to_Pakistan_kills_at_least_68$AAA$.html.txt	0	0.5153656007570077	3	0.32744505341868585	5	0.08372373631989265	1	0.07257946837883361	2	6.902293922335153E-4	4	1.9591173334666115E-4	
269	TACA_Airlines_Flight_390_crashes_in_Honduras$AAA$.html.txt	0	0.521885939694318	1	0.4749523598441381	3	0.0012109107395930864	5	8.811906566541073E-4	2	8.331276942935018E-4	4	2.3647137100317434E-4	
270	Bush_s_daughter_s_purse_snatched$AAA$.html.txt	3	0.7545989143320674	0	0.13270361067467282	2	0.11061226961251132	5	9.649683390810265E-4	1	8.612835627646698E-4	4	2.5895347890271205E-4	
271	326.html.txt	5	0.7034477580401505	2	0.27296250810008255	1	0.01781684633097639	3	0.0028901406069730138	0	0.0023183489943926993	4	5.643979274248704E-4	
272	161.html.txt	4	0.5139150944613858	2	0.33469805692384336	1	0.13559923629740062	0	0.013776112432963398	3	0.0011642584900940164	5	8.472413943126971E-4	
273	Massive_power_failure_hits_Brazil$AAA$.html.txt	1	0.561948310636174	0	0.43565748259786996	3	9.169656395238608E-4	5	6.672841586100815E-4	2	6.308883421577361E-4	4	1.790686256642462E-4	
274	230.html.txt	0	0.5741648215434781	5	0.302931908212336	3	0.048524304040651146	2	0.033385566929705804	1	0.03151738396709894	4	0.009476015306729849	
275	40.html.txt	5	0.551584931433496	3	0.23211112278420645	2	0.17298448521558565	1	0.03835239338492784	0	0.004818127463140894	4	1.4893971864315757E-4	
276	Apples_top_most_contaminated_produce_list$AAA$.html.txt	0	0.9079889912462742	5	0.08087860762633425	2	0.010055942456180777	3	5.835092491763465E-4	1	3.789994605432725E-4	4	1.139499614910768E-4	
277	270.html.txt	5	0.7875216778406763	2	0.16037309079229783	1	0.030401473785840006	3	0.021430455731715523	0	2.197935112131987E-4	4	5.3508338257182894E-5	
278	156.html.txt	4	0.8243978227761274	1	0.14201451500106815	0	0.016497551146290822	3	0.01454483456554815	5	0.0022926119734609954	2	2.5266453750450476E-4	
279	Microsoft_disgruntled_with_partner_Dell_s_interest_in_open_source$AAA$.html.txt	5	0.49023064731707555	0	0.40028576374374786	3	0.08541467855124119	2	0.023207087815717963	1	6.626040631236097E-4	4	1.9921850909375018E-4	
280	Manchester_United_defeats_Tottenham_Hotspur_1-0_in_Premier_League_2015_2016$AAA$.html.txt	4	0.543971346482658	0	0.4530363360446547	3	9.76208596982669E-4	5	7.103957925879925E-4	2	6.716485294588834E-4	1	6.340645536576943E-4	
281	318.html.txt	2	0.9209104543960668	3	0.02343624311480034	0	0.018799566542351105	5	0.017054765297379412	1	0.01522224970762361	4	0.004576720941778805	
282	166.html.txt	0	0.7381102222731546	5	0.1570813732112111	2	0.05100964009098524	1	0.03716026650529783	3	0.01655686214133742	4	8.163577801369054E-5	
283	137.html.txt	3	0.5770607217331601	1	0.4205835227276936	0	7.830733956928936E-4	5	7.103957925879925E-4	2	6.716485294588834E-4	4	1.9063782140634917E-4	
284	169.html.txt	5	0.6995570701027046	2	0.16908260209398343	1	0.06538551603488608	3	0.051071730396245546	0	0.01481770567913499	4	8.537569304534557E-5	
285	Malaysia_Airlines_Flight_17_shot_down_over_eastern_Ukraine__killing_298$AAA$.html.txt	0	0.34297598891175785	3	0.33644493324138913	1	0.3196077805177119	5	4.3874443341658753E-4	2	4.14813905976254E-4	4	1.1773898974822704E-4	
286	British_MP_David_Cairns_dies_aged_44$AAA$.html.txt	2	0.6003045877129815	0	0.3243782157866236	3	0.07426793065906423	5	4.8556766902254527E-4	1	4.3339396226963405E-4	4	1.3030421003845045E-4	
287	Storms_hit_UK__five_dead$AAA$.html.txt	0	0.5043478887008362	1	0.49300339639564933	3	0.0010144406030227193	5	7.382175678899086E-4	2	6.979528159755477E-4	4	1.9810391662615905E-4	
288	No_hotel_previously_on_site_of_proposed_Buffalo__N.Y._hotel_location$AAA$.html.txt	4	0.31483174533835523	0	0.2493218488527425	1	0.2492568405852284	5	0.08017150410038529	2	0.07310798988481672	3	0.03331007123847183	
289	OPEC_cuts_production_by_2.2_million_barrels_a_day$AAA$.html.txt	5	0.49682237603883045	0	0.4321519755730051	3	0.06982632493061541	2	5.383254918171558E-4	1	5.082019802330249E-4	4	1.5279598549885082E-4	
290	210.html.txt	3	0.6167763314624621	2	0.36931989877784266	0	0.0127481895648488	5	5.347666525278084E-4	1	4.773065696388746E-4	4	1.4350697267965587E-4	
291	Internal_emails_expose_Boeing-Air_Force_contract_discussions$AAA$.html.txt	3	0.29477992807630954	0	0.2690954354109933	1	0.24087264962199695	5	0.13086038447816672	2	0.06430098273558704	4	9.061967694639348E-5	
292	88.html.txt	2	0.6820654739380889	3	0.3067351597307711	1	0.008750574975711422	0	0.0011386351051379778	5	0.0010329575649384386	4	2.771986853521236E-4	
293	220.html.txt	4	0.9991579229595539	3	2.177371495730445E-4	0	1.74659565190945E-4	5	1.5844928576216923E-4	2	1.4980695393517474E-4	1	1.41424085984752E-4	
294	At_least_15_die_after_boat_sinks_in_Macedonian_lake$AAA$.html.txt	0	0.5284557985940697	1	0.4679775719878473	3	0.0013659958996863225	5	9.940475251180776E-4	2	9.398289874796821E-4	4	2.667570057988637E-4	
295	296.html.txt	4	0.8990602042119904	5	0.059909739295321056	1	0.02296925200544805	0	0.015805942072867462	3	0.0013358051730354265	2	9.190572413374697E-4	
296	Tony_Snow_named_new_White_House_press_secretary$AAA$.html.txt	2	0.6460425526377738	0	0.23658916775667402	3	0.11488324972546565	5	0.0011499947094387396	1	0.0010264290551223476	4	3.086061155254855E-4	
297	216.html.txt	4	0.9983682368629652	3	4.21927492582046E-4	0	3.384524530654965E-4	5	3.0704043831813153E-4	2	2.902934688415126E-4	1	2.7404928422761546E-4	
298	48.html.txt	1	0.6147599651827079	3	0.18589449681868622	5	0.1259828915414509	2	0.0722844452357312	0	8.671058491200053E-4	4	2.1109537230373364E-4	
299	US_Supreme_Court_dismisses_appeal_on_Obama_s_citizenship$AAA$.html.txt	3	0.5738368518790655	0	0.3900258349969387	2	0.03523426945530249	5	4.1790058530534143E-4	1	3.7299763154509326E-4	4	1.1214545184286197E-4	
300	293.html.txt	5	0.8089666569880508	2	0.08765222738279067	3	0.061316441293168045	1	0.04085686140165225	0	9.713415633349373E-4	4	2.3647137100317434E-4	
301	316.html.txt	2	0.8875800097802274	3	0.10993090339617805	4	0.001801535453718096	0	2.530644639420928E-4	5	2.2957736966523526E-4	1	2.0490953626905718E-4	
302	27.html.txt	1	0.7650875677481037	5	0.18718747642013908	3	0.04178328126835928	0	0.005212810368948125	2	5.677238934446068E-4	4	1.6114030100505968E-4	
303	Israeli_PM_Ariel_Sharon_undergoes_emergency_surgery$AAA$.html.txt	3	0.6238780088011303	0	0.3704538526897073	2	0.004521849910516516	5	5.304667901565695E-4	1	4.734687227038909E-4	4	1.4235308578540237E-4	
304	Motive_in_Wisconsin_church_murder-suicide_a_mystery$AAA$.html.txt	0	0.8216893427653754	3	0.09164809312219149	5	0.03962827841511236	1	0.03307406133777264	2	0.01373139408039765	4	2.288302791503658E-4	
305	Church_of_England_rejects_compromise_over_women_bishops$AAA$.html.txt	0	0.6047868995433612	3	0.38774304200092496	5	0.005997492295843235	2	6.609725652040623E-4	1	6.239859929027823E-4	4	1.876076017636577E-4	
306	259.html.txt	1	0.6499092719962796	3	0.34649649275599337	0	0.0011947546991131668	5	0.001083868659174305	2	0.001024750989035205	4	2.908609004043569E-4	
307	72.html.txt	0	0.41855952758413284	1	0.4084462378446877	3	0.06625566813740365	5	0.04821484672988747	2	0.04558505447539404	4	0.012938665228494128	
308	Creator_of_G.I._Joe_action_figure_to_create_a_line_of_Bible-themed_toys$AAA$.html.txt	0	0.6924493738082496	5	0.30431049790563747	3	0.0012792578242521884	2	8.801516797879694E-4	1	8.309003258675229E-4	4	2.498184562052091E-4	
309	Last_of_raisers_of_first_U.S._flag_over_Iwo_Jima_dies$AAA$.html.txt	0	0.574462174990209	1	0.3291899245815801	3	0.09482443210751322	5	6.881654310567328E-4	2	6.506306830870518E-4	4	1.8467220655387953E-4	
310	Saddam_Hussein_admits_to_requesting_trials$AAA$.html.txt	3	0.6273485756337116	0	0.3710360734458301	5	5.200136920785195E-4	2	4.916504788276329E-4	1	4.6413879840485607E-4	4	1.3954795114730622E-4	
311	277.html.txt	5	0.9340244357839299	2	0.06298968261775915	3	0.0011280421515836377	0	9.048678744026665E-4	1	7.326831023222822E-4	4	2.202884700023321E-4	
312	Senator_Hatch_lashes_out_at_critics_of_domestic_surveillance_program$AAA$.html.txt	0	0.47372337059608094	3	0.44054077731719266	2	0.05633102920773324	5	0.02855259014430037	1	6.552310080269039E-4	4	1.9700172666578343E-4	
313	258.html.txt	5	0.6743247885320003	2	0.22329565842896174	3	0.09477355301147684	1	0.006546743794889169	0	8.518700005309071E-4	4	2.073862321410384E-4	
314	176.html.txt	1	0.9882948637747283	3	0.009749488204302792	0	6.500742165781885E-4	5	5.897403626111613E-4	2	5.575740332967595E-4	4	1.5825940848271077E-4	
315	58.html.txt	4	0.7290970292948646	1	0.1664643842232801	3	0.08818166012634959	0	0.005879757216168682	5	0.0053340527347493245	2	0.005043116404587606	
316	Typhoon_prompts_massive_evacuations_in_China$AAA$.html.txt	0	0.602171680437875	1	0.3944403577182222	3	0.0012975673793304992	5	9.442514742493905E-4	2	8.927489728064945E-4	4	2.533940175164262E-4	
317	214.html.txt	5	0.8170157005209343	2	0.09555188523419936	3	0.086515652570946	0	4.465123122858675E-4	1	3.615467356564836E-4	4	1.0870262597795174E-4	
318	An_Australian_child_s_vocabulary__it_s__I__before__we___both_before__you_$AAA$.html.txt	0	0.5200100289051732	5	0.26444180232872855	2	0.21414706354982355	3	7.594883804000999E-4	1	4.933009834322775E-4	4	1.4831585244222354E-4	
319	22.html.txt	5	0.5336503197380197	3	0.37193455937604647	2	0.09373447824210279	0	3.315096271834472E-4	1	2.68427589226562E-4	4	8.070542742109522E-5	
320	92.html.txt	2	0.9958957557297713	3	0.0030079131684335276	0	3.7033830121169524E-4	5	3.3596693804440077E-4	1	2.998676636847889E-4	4	9.015819885421578E-5	
321	145.html.txt	2	0.8410654011965604	5	0.14821840552123952	1	0.009600915523917123	3	5.583530808788501E-4	0	4.478873105510588E-4	4	1.0903736685301573E-4	
322	106.html.txt	5	0.478249620686709	1	0.28482113793705294	4	0.2314255962361697	2	0.004264670060675017	3	6.874953128529031E-4	0	5.514797665403358E-4	
323	101.html.txt	5	0.902866981459033	3	0.04949596351833924	2	0.046904663479990796	0	3.5671412811467257E-4	1	2.8883599630695E-4	4	8.684141821530617E-5	
324	Wiki_loves_the_European_Parliament_in_Strasbourg$AAA$.html.txt	0	0.46162977758263696	5	0.2775945962671705	2	0.15658939450441822	3	0.10380013812349667	1	2.9684432138819166E-4	4	8.924920088947522E-5	
325	56.html.txt	3	0.7532105314400518	2	0.16484731551279194	1	0.07714630113912263	5	0.004135166335206481	0	5.313334034913154E-4	4	1.2935216933577186E-4	
326	Americans_are_getting_fatter__not-for-profit_s_report_finds$AAA$.html.txt	0	0.8387996433721373	3	0.14233440109893014	1	0.016579182529608612	5	0.0010329575649384386	2	9.766167490334573E-4	4	2.771986853521236E-4	
327	128.html.txt	2	0.4016967707641525	3	0.23574467592856094	0	0.17734170513734157	5	0.17658063111284258	1	0.006639873097464192	4	0.0019963439596381556	
328	79.html.txt	5	0.8443719409417516	3	0.0705827409424218	1	0.0667857604281969	0	0.008690241676455933	2	0.007453692175903017	4	0.0021156238352706596	
329	302.html.txt	4	0.9880504016557793	2	0.010088408562092834	3	5.853931375505068E-4	0	4.6957770445155264E-4	5	4.259958611419061E-4	1	3.8022307898383424E-4	
330	320.html.txt	5	0.6621536011405028	3	0.3332104647529352	0	0.002191247634473677	1	0.002138302424156247	2	2.3864739948246147E-4	4	6.773664844957017E-5	
331	242.html.txt	4	0.3882934550905837	5	0.3466425309930242	2	0.19137430057302834	3	0.043611290911638935	1	0.029052255717458685	0	0.0010261667142659355	
332	154.html.txt	3	0.8231103737491231	1	0.17435657872219784	0	8.420067773471972E-4	5	7.638595248517543E-4	2	7.221961784300606E-4	4	2.0498504805008445E-4	
333	Family_sues_CNN_s_Nancy_Grace_after__heated_debate_$AAA$.html.txt	0	0.4174050409162416	5	0.3357096999827555	3	0.24139438666283397	1	0.004802720503967033	2	5.360124675372294E-4	4	1.521394666646022E-4	
334	Euro_2008__Austria_vs._Poland$AAA$.html.txt	0	0.5318404373626824	4	0.46480615210398746	3	0.0010940109870458332	5	7.961216533480233E-4	2	7.526986270478832E-4	1	7.105792658883384E-4	
335	36.html.txt	5	0.9870617497088151	3	0.0038795624577441855	0	0.003112021505422516	2	0.002669206589392527	1	0.002519843654071391	4	7.576160845542558E-4	
336	269.html.txt	5	0.7705130529383862	2	0.19089466336293745	1	0.021910571712391805	0	0.016484820084809233	3	1.647239635546289E-4	4	3.216793792078315E-5	
337	NFL__Colts__Saints_kick_off_season$AAA$.html.txt	0	0.5276555517773015	4	0.4633377718611967	5	0.006553019360016087	3	0.0010496771557877934	2	7.221961784300606E-4	1	6.817836672678691E-4	
338	290.html.txt	3	0.8791315900405562	2	0.06017225495681568	0	0.029371885088460597	5	0.029348760116132497	1	0.0019148515738176802	4	6.0658224217266614E-5	
339	260.html.txt	0	0.8659865296581892	4	0.07223553335381831	2	0.060482518338522424	3	5.44928575872185E-4	5	3.9654943498457993E-4	1	3.539406386131776E-4	
340	295.html.txt	3	0.9175011147501914	2	0.07898169682803367	5	0.0027829962261445543	0	3.5759114310622694E-4	1	2.895461265734482E-4	4	8.705492595066052E-5	
341	31.html.txt	3	0.8620371142008498	2	0.13544105218590377	0	8.518700005309071E-4	5	7.728073352225356E-4	1	6.897700453519713E-4	4	2.073862321410384E-4	
342	4.html.txt	5	0.679207669735009	1	0.22036289578948504	0	0.053634738005713924	2	0.04597294439145427	3	6.874953128529031E-4	4	1.342567654848062E-4	
343	187.html.txt	4	0.9189456151406021	0	0.056568445761498796	5	0.019167890454171867	2	0.004200955656682167	3	6.772240952714502E-4	1	4.398688917734979E-4	
344	155.html.txt	3	0.7695714038651486	1	0.11673443110493475	2	0.10335700968152882	5	0.009528821723326992	0	6.500742165781885E-4	4	1.5825940848271077E-4	
345	Iran_airs_new_video_of_UK_crewmen__releases_new_letters_from_Turney$AAA$.html.txt	3	0.7160477605135134	0	0.282542462877916	5	4.538352192975739E-4	2	4.2908159203393565E-4	1	4.0507112902476094E-4	4	1.2178866821434014E-4	
346	STS-122_astronauts_perform_third_spacewalk$AAA$.html.txt	5	0.5552439397129382	0	0.4364994536641071	1	0.0063244895782548095	3	0.0010259202896481486	2	7.058510404579482E-4	4	2.0034571459378982E-4	
347	204.html.txt	0	0.7226264345216172	3	0.20592513289067155	5	0.0230006760466743	2	0.02174614546495285	1	0.02052927895058351	4	0.006172332125500406	
348	108.html.txt	5	0.5811774992273803	2	0.1814762590504503	1	0.10629953720400458	3	0.09626850266088935	0	0.034657245258934766	4	1.209565983406612E-4	
349	Djokovic_wins_French_Open__completes_his_career_Grand_Slam$AAA$.html.txt	0	0.49854080199142375	4	0.4650842777602372	2	0.0270056341725893	1	0.00731827700888056	3	0.0011871264511985951	5	8.638826156704792E-4	
350	Fresh_pictures_of_Castro_and_Chavez_shown_in_Cuban_media$AAA$.html.txt	5	0.42622098717730456	3	0.26125060744841205	0	0.165945747084194	2	0.11577620463604692	1	0.03062917807574802	4	1.7727557829441104E-4	
351	50.html.txt	3	0.6328517364893371	1	0.19601288511512405	5	0.1682987984289403	0	0.0013500089030652846	2	0.0011579138041050258	4	3.2865725942817474E-4	
352	Suicide_car_bomber_kills_seven_in_Kohat__Pakistan$AAA$.html.txt	0	0.5102880722718085	3	0.42365834512278405	1	0.06436254185407553	5	7.638595248517543E-4	2	7.221961784300606E-4	4	2.0498504805008445E-4	
353	37.html.txt	1	0.44264998167553665	3	0.4150314060795049	0	0.13508951408667647	5	0.006333041425680208	2	6.979528159755477E-4	4	1.9810391662615905E-4	
354	152.html.txt	1	0.8756929174651936	3	0.11416467939061686	0	0.008081505562163726	5	9.309274460324776E-4	2	8.801516797879694E-4	4	2.498184562052091E-4	
355	British_foreign_secretary___President_Mugabe_persists_in_his_ambition_to_steal_the_election_$AAA$.html.txt	3	0.42783603254230596	0	0.40575030111622873	2	0.16485336636106873	5	7.22058409426792E-4	1	6.444740352699579E-4	4	1.937675356997659E-4	
356	UK_police_involved_in_stand-off_with_gunman_Raoul_Moat$AAA$.html.txt	1	0.5777012671553294	0	0.37194920621282507	2	0.04086900455472237	3	0.00880498633369961	5	5.326080430489291E-4	4	1.4292770037453497E-4	
357	164.html.txt	2	0.8852834732796113	5	0.08031156372813121	0	0.03072599866475046	3	0.003256681519602846	1	3.2466810840730393E-4	4	9.761469949683212E-5	
358	16.html.txt	2	0.7980651877106979	5	0.1837981912375349	3	0.008639364906375561	1	0.008174612478702825	0	0.001063690187786007	4	2.5895347890271205E-4	
359	232.html.txt	2	0.7744755905159311	3	0.14437760090994545	1	0.05809755617834759	5	0.022793714053832806	0	2.0550782782525535E-4	4	5.003051411789052E-5	
360	Study_suggests__sleeping_sickness__parasite_mutated_to_evade_immune_system_defences$AAA$.html.txt	0	0.43103550235908844	4	0.29707313516402484	3	0.14011340775316286	5	0.06275511546424385	1	0.0448949337976055	2	0.02412790546187448	
361	205.html.txt	2	0.6161459413449177	3	0.2791905735172641	5	0.07467271238076383	0	0.02958418250127459	1	3.126030394085903E-4	4	9.39872163710781E-5	
362	268.html.txt	0	0.7839715504314485	3	0.06625566813740365	5	0.04821484672988747	2	0.04558505447539404	1	0.04303421499737212	4	0.012938665228494128	
363	262.html.txt	3	0.6411551874154061	2	0.3015705562811526	1	0.05486321513817101	0	0.0011210820818292825	5	0.001017033650303767	4	2.729254331371079E-4	
364	189.html.txt	5	0.6700985336850271	3	0.3276342486408316	0	7.788799315233315E-4	2	6.68051760550226E-4	1	6.306690520334816E-4	4	1.8961693003418916E-4	
365	BBC_Foreign_correspondent_Brian_Hanrahan_dies_aged_61$AAA$.html.txt	2	0.4596934548111191	0	0.381181134258728	3	0.1248520625478118	5	0.025366227501690323	1	0.00876064565759406	4	1.464752230566215E-4	
366	Japanese_H-IIA_rocket_launches_satellite_into_orbit$AAA$.html.txt	0	0.6147857157645534	1	0.20287751537377013	5	0.16414866075125997	3	0.016944032059202932	2	9.690305888456624E-4	4	2.7504546236776616E-4	
367	179.html.txt	3	0.5691884267239898	5	0.428331891051438	0	8.518700005309071E-4	2	7.306559465482225E-4	1	6.897700453519713E-4	4	2.073862321410384E-4	
368	Over_50_dead_after_Iraq_bombing$AAA$.html.txt	0	0.6603644545809985	3	0.3358311412542123	5	0.0012247136091825888	2	0.0011579138041050258	1	0.0010931194920733934	4	3.2865725942817474E-4	
369	Three_detained_for_Thai_marine_deaths$AAA$.html.txt	3	0.533253496777605	0	0.4639146444834203	5	9.116318316030107E-4	2	8.619085100060318E-4	1	8.136780037783117E-4	4	2.4464039358728496E-4	
370	51.html.txt	2	0.7010420437384306	1	0.24240094430357984	3	0.020753718526710062	0	0.01664775836864904	5	0.015102667982539845	4	0.004052867080090704	
371	Waitangi_day_or_New_Zealand_day__United_Future_calls_for_a_change$AAA$.html.txt	0	0.5496965240497034	5	0.275149292970761	3	0.1737414965119722	2	6.340951080775051E-4	1	5.986125392154285E-4	4	1.7997882027034084E-4	
372	307.html.txt	5	0.5179910056395943	1	0.4064970925258537	3	0.05741692872768842	4	0.00999515045124758	2	0.007739574400592014	0	3.602482550238885E-4	
373	317.html.txt	2	0.9091702422405193	3	0.02691516645663655	0	0.021590212233310244	5	0.019586409161626676	1	0.01748187125036431	4	0.005256098657542894	
374	147.html.txt	1	0.9712451974379076	2	0.027106295129315932	3	6.049233872971107E-4	0	4.852440477260063E-4	5	4.4020819986855057E-4	4	1.1813179788470734E-4	
375	112.html.txt	0	0.622417201762413	3	0.22941432413333657	5	0.1194676251038541	2	0.02800056646999786	1	5.384055430141031E-4	4	1.6187698738435148E-4	
376	115.html.txt	4	0.5330231641562311	1	0.20536469117309958	2	0.1336517019619217	5	0.12001212730228282	0	0.0073289269226326954	3	6.193884838320991E-4	
377	201.html.txt	4	0.9108546034565874	5	0.05938843873198106	0	0.021720107457568805	3	0.003438173394173094	2	0.002365523220506952	1	0.0022331537391826776	
378	3.html.txt	5	0.7902194324994416	3	0.15838383809486925	0	0.04420413851082106	1	0.006841163877921722	2	2.7373208320797637E-4	4	7.769493373838268E-5	
379	264.html.txt	5	0.8632751163500458	0	0.09759571122956674	3	0.015448863611306271	2	0.010629087429076313	1	0.010034307053326853	4	0.003016914326678008	
380	312.html.txt	4	0.7481897501222753	1	0.10411601259625418	5	0.07582999375669629	2	0.05929331465631353	3	0.01222768401714139	0	3.432448513192395E-4	
381	24.html.txt	1	0.7635736282737635	3	0.20324511177977392	0	0.016042316225044033	2	0.015887566708351557	5	9.866146514592418E-4	4	2.6476236160770513E-4	
382	10.html.txt	4	0.8898441953699634	1	0.05656828547707	2	0.021612508111908436	3	0.013951440771476439	5	0.013855525360017214	0	0.004168044909564525	
383	University_of_Southern_California_spit_test_predicts_cavities$AAA$.html.txt	0	0.7988204120509913	5	0.15542453924938138	3	0.029899478855888683	1	0.010243801244899636	2	0.00544049548371254	4	1.7127311512636206E-4	
384	249.html.txt	3	0.8776201698592798	5	0.09932427226604179	0	0.018553738553232606	2	0.0020206759778065783	1	0.0019076033904026992	4	5.73539953236468E-4	
385	159.html.txt	2	0.7286573645890951	5	0.16715546977685516	3	0.058880068175079264	1	0.04480435787619806	0	4.0431083191544784E-4	4	9.842875085693463E-5	
386	Chess_grandmasters_Kasparov_and_Karpov_play_match_in_Spain$AAA$.html.txt	0	0.5483842834904262	4	0.41082985018201995	2	0.025661540643939364	3	0.0135707561428569	5	8.208864384351959E-4	1	7.326831023222822E-4	
387	French_workers_use_threats_in_compensation_demand$AAA$.html.txt	5	0.5809511344023816	0	0.18568186533902067	3	0.1499525360598906	2	0.04412417954922806	1	0.039232685304199745	4	5.75993452794004E-5	
388	Seventeen_injured_after_coach_overturns_near_Oxford__England$AAA$.html.txt	2	0.4396085045720931	0	0.4002505254478711	1	0.15842113946378514	3	8.943509396388349E-4	5	6.508272377238913E-4	4	1.7465233888786953E-4	
389	Two_San_Diego_art_museums_receive__40_million_art_collection$AAA$.html.txt	0	0.5330364223788119	4	0.4572239022744639	2	0.007041275948409311	3	0.0011351040390376803	5	8.260254375697946E-4	1	7.372699217073688E-4	
390	286.html.txt	2	0.6730490493623568	1	0.3196173748167465	0	0.00562218674425658	3	8.89961199268362E-4	5	6.476327841005814E-4	4	1.737950932711509E-4	
391	134.html.txt	4	0.7437627109231254	3	0.06625566813740365	0	0.053147504736817265	5	0.04821484672988747	2	0.04558505447539404	1	0.04303421499737212	
392	146.html.txt	1	0.6815191714723532	0	0.14497128610953222	3	0.11807393706287789	5	0.04569360602814036	2	0.009582312464758873	4	1.5968686233738203E-4	
393	111.html.txt	0	0.9873997525842263	1	0.01153334792070742	3	4.086155764456145E-4	5	2.973532369926826E-4	2	2.8113463852087267E-4	4	7.979604310703937E-5	
394	23.html.txt	5	0.8064169209294971	3	0.15254618068416415	1	0.04002742827759514	0	4.804354716698698E-4	2	4.1207347845271896E-4	4	1.1696115862094144E-4	
395	EU_report_in_favour_of_adopting_open_source_software$AAA$.html.txt	5	0.5232671015010988	0	0.4744897978341524	3	8.85614340723423E-4	2	6.09318102148557E-4	1	5.75222000092281E-4	4	1.7294622178453415E-4	
396	273.html.txt	5	0.9156809798278475	2	0.0678342999925259	3	0.016014992863097204	0	2.2878250281833029E-4	1	1.852481214814322E-4	4	5.569669222970669E-5	
397	Iraq__Another_day_of_violence_in_Baghdad_and_the_south$AAA$.html.txt	3	0.8725965154701166	0	0.10452317603026896	1	0.021364744583319262	5	6.845949348481565E-4	2	6.472549331840402E-4	4	1.837140482629036E-4	
398	272.html.txt	3	0.7631058228865838	2	0.1513163216949183	5	0.08432700901133353	0	6.092295712898345E-4	1	4.933009834322775E-4	4	1.4831585244222354E-4	
399	291.html.txt	3	0.5795010579589615	1	0.33706183702536385	2	0.08025638332805467	4	0.002508641916918374	0	3.523927994963309E-4	5	3.196869712052833E-4	
400	ITV_fined_A_3000_for_cruelty_to_rat_on__I_m_A_Celebrity...Get_Me_Out_Of_Here__$AAA$.html.txt	0	0.5065247213009332	5	0.45536670072939717	2	0.03639967383912224	3	9.263350213051399E-4	1	6.016707941691705E-4	4	1.8089831507307557E-4	
401	283.html.txt	1	0.9125312536282727	2	0.0776103026316956	5	0.009308646555379593	3	2.7525067152926025E-4	0	2.2079448868548912E-4	4	5.375202443735944E-5	
402	81.html.txt	1	0.9200010934781182	3	0.05510050249363812	2	0.019480693728272425	0	0.0025191183084421337	5	0.002285317132712944	4	6.132748588161671E-4	
403	62.html.txt	1	0.8403185787205263	3	0.1582733153171425	0	4.680665285913729E-4	5	4.2462493859641177E-4	2	4.0146453365223544E-4	4	1.139499614910768E-4	
404	APEC_leaders_wear_Driza-Bones_for_group_photo$AAA$.html.txt	5	0.5053603382449028	0	0.42057716081794877	3	0.06015746170100139	1	0.013225644768880976	2	5.291911374960763E-4	4	1.5020332976992788E-4	
405	Al_Gore-owned_cable_news_channel_to_relaunch_August_1_with_viewer-created_content$AAA$.html.txt	0	0.5812921234923885	5	0.27558979667057454	3	0.08474670558260579	2	0.05778613923580562	1	4.499523611058826E-4	4	1.3528265751972063E-4	
406	Colorado_counties_consider_forming_new_U.S._state$AAA$.html.txt	0	0.4504272335685689	1	0.2891157732739945	3	0.21437369227236414	5	0.037984832701386535	2	0.007965721410608704	4	1.327467730771622E-4	
407	Vietnam_becomes_150th_member_of_the_World_Trade_Organization$AAA$.html.txt	0	0.5018263684334203	3	0.32412289298737545	5	0.1722190966611428	2	8.221464611292972E-4	1	7.761409517820035E-4	4	2.3335450515003876E-4	
408	Auto_parts_maker_Delphi_plans_to_cut_8_500_jobs__union_contracts$AAA$.html.txt	5	0.6532061664422317	0	0.30337574139473517	3	0.025301437845353464	2	0.008945282515475437	4	0.008234739324205004	1	9.36632477999213E-4	
409	110.html.txt	0	0.7752900059885581	2	0.10170648438395401	1	0.06468418319973827	4	0.0580919504412165	3	1.3160548743599705E-4	5	9.577049909721705E-5	
410	US_unemployment_rate_down_to_ten_percent$AAA$.html.txt	5	0.36937927579749313	0	0.27281508629887613	2	0.21331913401549868	3	0.14410710446891412	1	2.916976241104062E-4	4	8.77017951075007E-5	
411	235.html.txt	1	0.7291435776189303	5	0.24955273097043607	0	0.009812218768743408	2	0.009634933552417973	3	0.0015532201935190447	4	3.0331889595321354E-4	
412	Tour_de_France__Linus_Gerdemann_wins_stage_7$AAA$.html.txt	0	0.9950209857101573	3	0.001527057751412192	5	0.0011112536859387654	2	0.001050642348679292	1	9.91850711570699E-4	4	2.9820979224183877E-4	
413	Israel_to_webcast_al-Aqsa_mosque_excavations$AAA$.html.txt	0	0.4897287019171522	3	0.4064783877274324	5	0.09617425763486356	2	0.006705450641239084	1	7.021067070089476E-4	4	2.1109537230373364E-4	
414	315.html.txt	2	0.9872702829928203	4	0.01069797845533399	3	6.390352112225443E-4	0	5.126071152887494E-4	5	4.650316815189182E-4	1	4.150645438154919E-4	
415	89.html.txt	2	0.9914595961945193	3	0.006259079961830363	0	7.706263147947131E-4	5	6.991039341891438E-4	1	6.239859929027823E-4	4	1.876076017636577E-4	
416	Glasgow_cannabis_enthusiasts_celebrate__green__on_city_green$AAA$.html.txt	0	0.6247669750168479	3	0.15491798348675792	1	0.11881383586427834	5	0.06505046028938573	2	0.03632371350291416	4	1.2703183981600244E-4	
417	310.html.txt	4	0.9273791683845322	2	0.0637158484120686	3	0.002800851427044062	0	0.002246724977208553	5	0.0020382048217830848	1	0.0018192019773635919	
418	133.html.txt	3	0.7097731844084395	5	0.27288438730360437	2	0.015205387700667284	0	0.0010408538677217796	1	8.427927020505265E-4	4	2.533940175164262E-4	
419	42.html.txt	3	0.8632455862594807	1	0.058845875327572385	2	0.044544321992590584	5	0.03310538664505148	0	2.0815484868109206E-4	4	5.067492662372897E-5	
420	Baltimore_police_seek_sex_offender_for_failure_to_register$AAA$.html.txt	0	0.6644614017818361	3	0.28826264627927317	2	0.04545682415466547	5	8.418358847174555E-4	1	7.513815538684904E-4	4	2.2591034563924984E-4	
421	163.html.txt	3	0.7672621749997959	1	0.23050242278771638	0	7.430669151293521E-4	5	6.741023421593189E-4	2	6.37334640126004E-4	4	1.8089831507307557E-4	
422	231.html.txt	3	0.9447488356901844	2	0.0318652259934308	1	0.009812431606348909	0	0.006752275848039716	5	0.0067097913120785545	4	1.1143954991753431E-4	
423	34.html.txt	3	0.9875189943122784	2	0.005493641765374077	1	0.0054595456633178005	0	7.104025012770156E-4	5	6.444695359681182E-4	4	1.7294622178453415E-4	
424	Vestas_occupation_continues__left-wing_political_parties_voice_support$AAA$.html.txt	5	0.43875842547179467	0	0.20269399449832476	3	0.19827761061041982	2	0.1599255466018981	1	2.648061975938922E-4	4	7.961661996871702E-5	
425	243.html.txt	5	0.5786296592566884	4	0.2333015298805994	2	0.14305479903324939	3	0.04234818843212335	0	0.0014730643414276026	1	0.0011927590559118702	
426	327.html.txt	2	0.4109970773227096	4	0.3783506880758097	3	0.06625566813740365	0	0.053147504736817265	5	0.04821484672988747	1	0.04303421499737212	
427	Disposal_of_fracking_wastewater_poses_potential_environmental_problems$AAA$.html.txt	1	0.6704744607705725	0	0.24895341860254336	5	0.06048131082534652	3	0.017836922893587216	2	0.0021850975013545586	4	6.87894065958202E-5	
428	149.html.txt	3	0.9132540357181556	5	0.0838208403277231	0	0.0010048970467497222	2	8.619085100060318E-4	1	8.136780037783117E-4	4	2.4464039358728496E-4	
429	281.html.txt	1	0.9894698632280483	5	0.007362893768662407	3	0.0011794046324072284	0	9.460686919267662E-4	2	8.114509434169356E-4	4	2.3031873553830398E-4	
430	Cassini_photographs_possible_lakes_on_Saturn_s_moon__Titan$AAA$.html.txt	1	0.5016225839700005	0	0.4952979783400819	3	0.0011794046324072284	5	8.582633785551036E-4	2	8.114509434169356E-4	4	2.3031873553830398E-4	
431	U.S._jury_decision_moves_Moussaoui_closer_to_execution$AAA$.html.txt	3	0.46846392632710643	0	0.271033311580024	5	0.25971928738045336	2	3.5166860719104204E-4	1	3.3199000470328794E-4	4	9.981610052197626E-5	
432	Sources__State_Department_official_source_of_Plame_leak$AAA$.html.txt	3	0.6580616921958454	0	0.33645406704566216	5	0.001765486526148775	2	0.001669191233167982	1	0.0015757869597074492	4	4.737760394682761E-4	
433	118.html.txt	1	0.8716443254306865	5	0.12719005670288727	3	4.3404788008121576E-4	0	3.481749171222815E-4	2	2.986325066920814E-4	4	8.476256253067631E-5	
434	AllOfMP3.com_to_reopen_soon$AAA$.html.txt	0	0.6713831872165436	5	0.22439600120470138	3	0.10221753983400342	2	8.991838193848914E-4	1	8.488674687545856E-4	4	2.552204566121509E-4	
435	Hezbollah_network_Al-Manar_available_to_wider_international_audience$AAA$.html.txt	3	0.5640885743178469	0	0.33292763682828047	5	0.10185737654601885	2	5.055987655352889E-4	1	4.773065696388746E-4	4	1.4350697267965587E-4	
436	US_charges_homeless_man_after_plane_stolen_and_crashed_in_Maryland$AAA$.html.txt	0	0.5174951861092242	1	0.4732226316346978	3	0.007441997797336209	5	8.312291854509613E-4	2	7.858912818410183E-4	4	2.2306399144969246E-4	
437	57.html.txt	3	0.5810675077129311	1	0.3120620804527059	5	0.10568007301293598	0	5.665160247598134E-4	2	4.859054809391656E-4	4	1.3791731572802848E-4	
438	308.html.txt	5	0.7178894816087634	3	0.1452864461567608	1	0.13535296155142695	0	7.001433214984825E-4	2	6.005187187834652E-4	4	1.7044864276684186E-4	
439	276.html.txt	0	0.46337405392262015	5	0.46269010286806167	1	0.05663421926106942	3	0.009186859098967149	2	0.006320719181575485	4	0.0017940456677060855	
440	180.html.txt	3	0.8852019458530923	2	0.1063225447447367	5	0.008009447611300026	0	2.2699719439621424E-4	1	1.8380253439593468E-4	4	5.5262062078813295E-5	
441	Netanyahu_quits_over_Israel_s_pullout_plan$AAA$.html.txt	3	0.6805529829922965	0	0.3175645882358416	5	6.059913813977834E-4	2	5.729386694392116E-4	1	5.408782804957307E-4	4	1.626204405291267E-4	
442	Dublin_gets_ready_to_be_rocked_once_again_by_U2$AAA$.html.txt	0	0.5334282303862493	5	0.3508588661497555	4	0.08402728137416304	1	0.025243434525406935	2	0.005547836624786384	3	8.943509396388349E-4	
443	267.html.txt	3	0.43166769098471924	0	0.41855952758413284	5	0.04821484672988747	2	0.04558505447539404	1	0.04303421499737212	4	0.012938665228494128	
444	213.html.txt	5	0.6481648665236732	3	0.21641661544063695	2	0.13463212337298264	0	3.8301655621478595E-4	1	3.101334090720142E-4	4	9.32446974204003E-5	
445	119.html.txt	4	0.8519564771969417	3	0.03827984034669063	0	0.03070647468124791	5	0.027856584757890518	2	0.026337197353356278	1	0.024863425663872844	
446	120.html.txt	4	0.5217034159031241	5	0.45977530343691414	3	0.005899074210652877	0	0.0047319887243958934	2	0.004058665874281548	1	0.0038315518506314037	
447	197.html.txt	1	0.9352383043431662	3	0.05971555217769875	0	0.004817174047909934	5	1.0342771503497231E-4	2	9.778643600275422E-5	4	2.7755280187504164E-5	
448	Drug-dealers_war_in_Rio_de_Janeiro$AAA$.html.txt	0	0.6845157153528498	1	0.24479140516136827	4	0.044131859190814214	5	0.025066087852095718	3	8.85614340723423E-4	2	6.09318102148557E-4	
449	Hertfordshire__England_police_arrest_armed_suspect_after_stand-off$AAA$.html.txt	0	0.5546056404860629	1	0.4424490297925231	3	0.0011280421515836377	5	8.208864384351959E-4	2	7.761126613928354E-4	4	2.202884700023321E-4	
450	Passenger_jet_lands_safely_at_Newark_Airport_after_pilot_dies$AAA$.html.txt	0	0.5892614477810736	1	0.40681743592643177	3	0.0015017620699769522	5	0.0010928457906203026	2	0.0010332384789631757	4	2.932699529342274E-4	
451	173.html.txt	1	0.30822286551211703	5	0.237582553171475	4	0.1892381976392675	3	0.13195375837285145	2	0.13128618452556834	0	0.0017164407787207147	
452	93.html.txt	2	0.8238325917296819	3	0.128759415218819	1	0.032652027765959324	5	0.01360209436955379	0	9.279605703466714E-4	4	2.2591034563924984E-4	
453	Serial_killer_suspected_loose_in_New_York__more_bodies_found$AAA$.html.txt	1	0.5799560559390858	0	0.4132142167812821	2	0.005213531440549565	3	8.404585531340602E-4	5	6.116092624429407E-4	4	1.6412802350546614E-4	
454	Greenland_assumes_self_rule_Sunday$AAA$.html.txt	0	0.6434387484805881	3	0.34261010743048337	5	0.006553019360016087	1	0.006470943502432202	2	7.221961784300606E-4	4	2.0498504805008445E-4	
455	65.html.txt	3	0.9981158802151735	0	4.934758721259911E-4	5	4.476760227459935E-4	2	4.232583378006206E-4	1	3.9957373130209057E-4	4	1.2013582085170411E-4	
456	271.html.txt	2	0.5509332156973082	5	0.446425926771394	3	9.97694822633331E-4	0	8.003087404059933E-4	1	6.480202329244867E-4	4	1.948337353339133E-4	
457	44.html.txt	3	0.6068226487560308	1	0.3843800111156545	0	0.0029243114970417612	5	0.002652904051065329	2	0.002508206162373687	4	7.119184178339976E-4	
458	266.html.txt	3	0.8093901225480568	1	0.14571036769414605	2	0.035820327427296676	0	0.008422209877630048	5	5.179723143695694E-4	4	1.390001385009447E-4	
459	211.html.txt	5	0.45589927397596713	0	0.22861895151770195	2	0.16949064986350462	3	0.11101306263604867	1	0.03467985221453576	4	2.9820979224183877E-4	
460	182.html.txt	0	0.9235854771956669	3	0.02343624311480034	5	0.017054765297379412	2	0.016124543742750897	1	0.01522224970762361	4	0.004576720941778805	
461	228.html.txt	3	0.5783684679109018	5	0.40555466680678437	2	0.014095775145787776	0	9.648975986574731E-4	1	7.812899385718256E-4	4	2.3490259929660363E-4	
462	238.html.txt	3	0.9620711895691588	1	0.03326094388654409	0	0.0015516389730357665	5	0.0014076302478451895	2	0.0013308535831030558	4	3.7774374031311235E-4	
463	45.html.txt	0	0.4936443259054917	1	0.29997167112124823	3	0.20381574792133886	5	0.0011601057408661365	2	0.0010968298559750215	4	3.1131945508014133E-4	
464	15.html.txt	3	0.9186200277609433	1	0.07661571780135774	0	0.0037961761320722503	5	4.3729036924318996E-4	2	4.134391511227047E-4	4	1.1734878526068118E-4	
465	Tour_de_France__Alexander_Vinokourov_wins_stage_13$AAA$.html.txt	0	0.9604082373770814	1	0.02147617213799269	3	0.016592122164228278	5	6.881654310567328E-4	2	6.506306830870518E-4	4	1.8467220655387953E-4	
466	199.html.txt	1	0.8399445368686966	2	0.10858402842450156	3	0.037443744075908975	5	0.013550171877434956	0	3.8402785673068054E-4	4	9.349089672712898E-5	
467	223.html.txt	1	0.5872547110607542	5	0.3122414460164515	3	0.05819396116995657	2	0.042018996776797025	0	2.3393412948743755E-4	4	5.695084655329786E-5	
468	41.html.txt	1	0.6015783004897197	2	0.33836492913833394	3	0.05826664565788634	0	8.323693390558287E-4	5	7.551165441156297E-4	4	2.0263883088843647E-4	
469	FIA_lays_out_cost_cutting_measures_for_Formula_One$AAA$.html.txt	5	0.609935723729812	0	0.36251261213821045	2	0.018928911132939378	1	0.004128621197396031	4	0.0038244119448423946	3	6.697198567997025E-4	
470	240.html.txt	0	0.3425104849328349	3	0.3106958636949759	5	0.29369832009380314	1	0.05050111534734304	2	0.0020206759778065783	4	5.73539953236468E-4	
471	Madrid_bombing_suspect_arrested_in_Belgrade$AAA$.html.txt	0	0.79799679002334	3	0.1822074133076992	4	0.016719768845233775	5	0.001083868659174305	2	0.001024750989035205	1	9.67408175517586E-4	
472	New_BP_oil_spill_plan$AAA$.html.txt	1	0.5082780541805507	0	0.30965808070783285	3	0.10738823458634345	5	0.07408624306297633	2	4.5908325225810573E-4	4	1.3030421003845045E-4	
473	168.html.txt	3	0.9404372686152811	5	0.058126287622638446	0	4.934758721259911E-4	2	4.232583378006206E-4	1	3.9957373130209057E-4	4	1.2013582085170411E-4	
474	US_and_Japan_offend_Beijing_over_Taiwan$AAA$.html.txt	3	0.6814069087057154	0	0.31679332066641136	5	5.793820755859547E-4	2	5.477807204410512E-4	1	5.171281150404245E-4	4	1.55479716805775E-4	
475	135.html.txt	3	0.7834212654949063	1	0.1870824416846067	5	0.023225782469819174	0	0.0029843138215192855	2	0.0025596706524471683	4	7.265258767013631E-4	
476	284.html.txt	2	0.7012893480186874	1	0.2966495649475445	3	7.563203690755005E-4	0	6.066883261161951E-4	5	5.503811477388289E-4	4	1.47697190837543E-4	
477	6.html.txt	3	0.7181109021375225	1	0.28108586547190145	0	2.670013527154218E-4	5	2.422207658025529E-4	2	2.290092689921698E-4	4	6.500100306584601E-5	
478	85.html.txt	2	0.8736797120902257	3	0.1020769926577827	1	0.013453262701528182	5	0.009047683409902675	0	0.0016901040266382827	4	5.224511392255223E-5	
479	94.html.txt	2	0.5816619043584715	5	0.20706602518119385	1	0.20689466811197826	3	0.0021915043757476703	0	0.0017579324526508242	4	4.279655199578561E-4	
480	239.html.txt	0	0.5786531367721087	5	0.29853392402942863	3	0.10177247250136186	1	0.018403538227688546	2	0.002053945452101782	4	5.829830173105932E-4	
481	Leaders_throughout_the_world_deliver_Christmas_messages$AAA$.html.txt	3	0.5008511506744048	0	0.3076806444800487	5	0.10097429194268072	2	0.09007737174218422	1	3.202536977137479E-4	4	9.628746296774721E-5	
482	Canadian_Broadcasting_Corporation_gets_new_chairman$AAA$.html.txt	0	0.6043282450765605	5	0.22579623414947358	2	0.16827304622872963	3	8.686433986948239E-4	1	5.641990764919623E-4	4	1.6963207004939734E-4	
483	World_s_oldest_living_woman_dies_at_age_115$AAA$.html.txt	0	0.8505886367652526	1	0.12840326872513924	2	0.01804663184030171	3	0.0015400278666840572	5	0.0011206921556951202	4	3.0074264692726155E-4	
484	Campaigning_begins_for_groundbreaking_Congo_elections$AAA$.html.txt	3	0.6057368688009211	0	0.17800197917277388	2	0.1717682143925021	1	0.043470839242299865	5	8.05846070176892E-4	4	2.1625232132601923E-4	
485	241.html.txt	0	0.7839715504314485	3	0.06625566813740365	5	0.04821484672988747	2	0.04558505447539404	1	0.04303421499737212	4	0.012938665228494128	
486	236.html.txt	3	0.6172234512011409	2	0.2607155539124031	1	0.11449297317360753	5	0.007154864961753557	0	3.322669538481373E-4	4	8.088979724676362E-5	
487	US_presidential_race_tied_as_the_Democratic_National_Convention_starts$AAA$.html.txt	2	0.5279989639344348	0	0.46951648280847197	3	9.658088304430723E-4	5	7.028277887653853E-4	1	6.273097234406125E-4	4	1.8860691444407568E-4	
488	86.html.txt	2	0.9708360432473059	1	0.02167768334287842	5	0.0067103078657005984	3	3.884796849885573E-4	0	3.1162203142029487E-4	4	7.58638277062399E-5	
489	Sesame_Street_Live_near_the_finish_of_its_27th_season$AAA$.html.txt	0	0.5588140281808751	5	0.43827450562204545	3	0.0011494964346389386	2	7.908735820702665E-4	1	7.466180343148415E-4	4	2.244781460553185E-4	
490	175.html.txt	3	0.7158173776520368	2	0.22940459453300846	5	0.05407988124829477	0	3.400349803681539E-4	1	2.753306768446162E-4	4	8.278090944716263E-5	
491	90.html.txt	2	0.8850713175134901	1	0.0466368312857876	4	0.04588630172421242	3	0.019877752450346085	0	0.0013254043782309473	5	0.0012023926479328786	
492	167.html.txt	0	0.8025651783594626	2	0.11033192253034291	5	0.08083977679672813	1	0.005681676573943256	3	4.8644990519403384E-4	4	9.499583432900467E-5	
493	Texas_cold_weather_creates_major_highway_closures$AAA$.html.txt	0	0.6084237537234805	1	0.38851670974093094	3	0.001171782619569378	5	8.527167711314478E-4	2	8.062068657373473E-4	4	2.288302791503658E-4	
494	314.html.txt	2	0.7536824901393578	5	0.11929549656381203	3	0.09983589840193624	0	0.025136883744731615	1	0.0019863093045186042	4	6.292184564368972E-5	
495	46.html.txt	1	0.9269569667879571	5	0.0345899037949655	2	0.026015958359678668	0	0.011819254060167518	3	5.1696253715339E-4	4	1.0095446007772736E-4	
496	97.html.txt	3	0.8159747693547204	2	0.17447132707128782	5	0.007559582940384659	0	9.713415633349373E-4	1	7.865076992689399E-4	4	2.3647137100317434E-4	
497	76.html.txt	1	0.7190122562745207	3	0.2529612414717654	5	0.027118957447843043	0	4.3192632757872045E-4	2	3.704667842739434E-4	4	1.051516940181494E-4	
498	80.html.txt	1	0.9742583606626437	0	0.02108822825039559	3	0.0017822262195548956	5	0.0012969420795156947	2	0.0012262027021959958	4	3.480400856941551E-4	
499	7.html.txt	4	0.9634441779529886	2	0.02775446840875117	1	0.007234383234909571	3	6.193884838320991E-4	0	4.968473385571769E-4	5	4.5073458096127653E-4	
500	234.html.txt	5	0.9082967470052365	3	0.08766099408475934	0	0.001388677575573392	2	0.0011910802444017451	1	0.00112443001125237	4	3.380710787766132E-4	
501	UEFA_Euro_2016__day_3__Turkey-Croatia__Poland-Northern_Ireland__Germany-Ukraine$AAA$.html.txt	4	0.6223912098438135	0	0.3754607256589653	3	7.007809325717586E-4	5	5.099645993321499E-4	2	4.8214949580392056E-4	1	4.5516946951331083E-4	
502	Creation_Science_Evangelism_removes_section_of_copyright_controversy_in_Wikipedia_article$AAA$.html.txt	0	0.6884101129950384	3	0.1386786964882989	5	0.13180823503195646	2	0.0401000694142179	1	7.710593880662608E-4	4	2.3182668242202403E-4	
503	105.html.txt	1	0.6420102514754834	3	0.316441647916057	5	0.03785440942871962	0	0.0017579324526508242	2	0.0015077932071312855	4	4.279655199578561E-4	
504	Sony_faces_class_action_lawsuits_for_DRM$AAA$.html.txt	5	0.6582864253090854	0	0.33567706774969963	2	0.004652789720835054	3	7.500629777343106E-4	1	4.8717901958889433E-4	4	1.464752230566215E-4	
505	Huckabee__Obama_win_Iowa_caucuses$AAA$.html.txt	2	0.5604255599457539	0	0.436826408272641	3	0.0010682296116757326	5	7.773603141766E-4	1	6.938338117740735E-4	4	2.0860804397856313E-4	
506	30.html.txt	3	0.9127009296213789	2	0.06238945303841223	5	0.01703205761816865	0	0.005123615251694024	1	0.0026693843323349997	4	8.456013801112083E-5	
507	NHL__Penguins_defeat_Thrashers__catch_Devils$AAA$.html.txt	0	0.5483847383424474	4	0.40177719658208316	1	0.047553608785754334	3	9.4566017557129E-4	5	6.881654310567328E-4	2	6.506306830870518E-4	
508	125.html.txt	0	0.6464140071187048	2	0.21598410736973764	4	0.1279806296111457	1	0.007515088693340648	3	0.0012190520473797735	5	8.871151596913705E-4	
509	323.html.txt	3	0.7900955653892875	2	0.10913049602130276	0	0.06977251689708072	5	0.030245872779585715	1	5.808965738554184E-4	4	1.7465233888786953E-4	
510	299.html.txt	1	0.7361375675685915	3	0.2619578597995796	0	6.330963180885003E-4	5	5.743381950488366E-4	2	5.430119493125228E-4	4	1.5412616937902698E-4	
511	165.html.txt	4	0.6974875131947557	5	0.2527571311741011	2	0.04355863164286229	3	0.0025275467273038563	0	0.002027491465082262	1	0.0016416857958948478	
512	282.html.txt	1	0.9714523237043734	3	0.023778043069977856	0	0.0015854670928937935	5	0.0014383187556536315	2	0.0013598682413483389	4	3.859791357530262E-4	
513	247.html.txt	1	0.8838852093949098	3	0.11323117515021065	0	9.585385701537909E-4	5	8.69575918446367E-4	2	8.221464611292972E-4	4	2.3335450515003876E-4	
514	256.html.txt	3	0.840333187554158	2	0.12563644254321568	1	0.0287311925631822	5	0.0045691527091676586	0	5.870969299019485E-4	4	1.4292770037453497E-4	
515	Treasury_reveals_cost_of_carbon_tax_on_Australian_families$AAA$.html.txt	5	0.5204678909818479	0	0.3873281261024359	3	0.09100981259380533	2	5.360124675372294E-4	1	5.060183877090711E-4	4	1.521394666646022E-4	
516	32.html.txt	3	0.5892576410271946	1	0.25439157970177817	0	0.1331364510772781	5	0.021592253835782525	2	0.0012634594715642518	4	3.5861488640238464E-4	
517	198.html.txt	2	0.38260142865738195	1	0.2809082265650728	0	0.2431580289636145	4	0.08935368223758194	3	0.0023028377760028946	5	0.0016757958003459268	
518	Sam_Simon___The_Simpsons__co-creator__dies_aged_59$AAA$.html.txt	5	0.5941966196036723	0	0.4037689526108293	3	8.032267344565515E-4	2	5.526339930700093E-4	1	5.217098091978414E-4	4	1.568572487739028E-4	
519	121.html.txt	4	0.877763152288901	3	0.031606968857991406	0	0.025353778390896795	5	0.0230006760466743	2	0.02174614546495285	1	0.02052927895058351	
520	196.html.txt	5	0.4446360520379338	0	0.40895105761175427	3	0.1444239546579384	2	8.927489728064945E-4	1	8.427927020505265E-4	4	2.533940175164262E-4	
521	Massive_snowstorm_blasts_most_of_United_States$AAA$.html.txt	1	0.6688370798304866	0	0.32952328621459265	3	6.279691543092701E-4	5	4.5697881218747887E-4	2	4.320537232933709E-4	4	1.22632265130556E-4	
522	Tibetans_demand_that_China_release_Panchen_Lama_boy$AAA$.html.txt	0	0.8314203222166117	3	0.16598120910740988	5	8.36498913537941E-4	2	7.908735820702665E-4	1	7.466180343148415E-4	4	2.244781460553185E-4	
523	Croatia_and_Japan_share_point_in_Group_F$AAA$.html.txt	4	0.822021187680735	0	0.17495392303592194	3	9.86834769463269E-4	5	7.181285540539997E-4	2	6.789595213333978E-4	1	6.409664384923767E-4	
524	319.html.txt	2	0.3934294778539081	5	0.301279222716769	3	0.20961520259537306	0	0.09391009055185318	1	0.0013577770828262319	4	4.082291992704581E-4	
525	JK_Rowling_announces_seventh_Harry_Potter_title$AAA$.html.txt	0	0.6304715897686745	2	0.25872623040767534	5	0.10391398784813292	4	0.005344412108831178	3	9.358978488266684E-4	1	6.078820178593582E-4	
526	Serbia_and_Montenegro__Red_Star_advances_to_cup_finals$AAA$.html.txt	0	0.532555789112309	4	0.3955072821716177	1	0.06213696330158721	5	0.007714137040240199	3	0.0012356675576396775	2	8.501608166061597E-4	
527	117.html.txt	1	0.8913872338086338	5	0.06943646875809019	3	0.0382175008897068	0	4.5631848398009937E-4	2	3.9138813860347077E-4	4	1.1108992098555551E-4	
528	126.html.txt	5	0.9184222467734104	4	0.07674253886507021	3	0.0015400278666840572	0	0.00123534545255329	2	0.0010595660140477246	1	0.001000275028234333	
529	6-year-old_boy_in_Colorado_found_alive__unhurt_after_runaway_balloon_allegedly_carried_him_away$AAA$.html.txt	1	0.6606728628665046	0	0.3376644694871864	3	6.367909084930604E-4	5	4.633984821993804E-4	2	4.381232439297433E-4	4	1.243550116867513E-4	
530	Rosa_Parks_dies_at_92$AAA$.html.txt	0	0.5904481449546977	2	0.3619122359747949	3	0.045539051548560826	5	9.720774612871898E-4	1	8.676288176853494E-4	4	2.6086124297400136E-4	
531	162.html.txt	3	0.6074609775264451	2	0.36313723593185904	1	0.028310888721663048	0	5.072439312782743E-4	5	4.601662584603997E-4	4	1.2348763029411609E-4	
532	297.html.txt	0	0.41855952758413284	1	0.4084462378446877	3	0.06625566813740365	5	0.04821484672988747	2	0.04558505447539404	4	0.012938665228494128	
533	190.html.txt	5	0.413626869577203	1	0.4084462378446877	3	0.06625566813740365	0	0.053147504736817265	2	0.04558505447539404	4	0.012938665228494128	
